entry_order_id,exit_order_id,entry_utc,exit_utc,entry_algorithm_time,exit_algorithm_time,quantity,entry_price,exit_price,exit_limit_price,pnl,hold_seconds,hold_minutes,signal_utc,signal_lag_seconds,signal_price,ema20,rsi14,adx14,price_minus_ema20,es_last,es_vwap,es_vwap_slope,es_vwap_acceleration,es_vwap_acceleration_allowed,es_rolling_high_ready,es_rolling_high_allowed,es_rolling_high_samples,es_rolling_high,es_rolling_high_distance,es_rolling_high_minutes_since,rsi_slope,adx_slope,indicator_slope_allowed,es_higher_low_distance,es_structure_ready,es_structure_allowed,es_structure_score,es_structure_samples,es_structure_higher_low,es_structure_higher_low_distance,es_structure_higher_high,es_structure_higher_high_distance,es_structure_shallow_pullback,es_structure_pullback_from_high,es_structure_rising_vwap,es_structure_vwap_slope,es_structure_above_vwap,es_structure_vwap_distance,es_reclaim_ready,es_reclaim_allowed,es_reclaim_samples,es_reclaim_min_distance_seen,es_reclaim_current_distance,es_vwap_max_distance_allowed,es_minus_vwap,es_session_volume,vix_price,vix_regime,vix_age_seconds,effective_rsi_threshold,effective_pullback_distance,take_profit_distance,take_profit_price,setup_quality_score,setup_quality_allowed,setup_quality_take_profit_boost,entry_veto_points,entry_veto_allowed,entry_veto_reason,slow_risk_points,slow_risk_allowed,entry_risk_tier,entry_quantity_multiplier,option_data_state,active_profile_set,used_0dte,used_1dte,used_no_0dte_fallback,router_reason,long_strategy,strategy_profile,strategy_profile_enabled,long_strategy_allowed,long_strategy_reason,long_strategy_take_profit_multiplier,long_strategy_max_take_profit_distance,option_iv_utc_time,option_iv_age_seconds,option_iv_underlying_price,option_iv_underlying_price_source,option_iv_subscriptions,option_iv_valid_options,option_iv_expiries,option_iv_nearest_expiry,option_iv_nearest_dte,option_iv_atm_strike,option_iv_atm_iv,option_iv_atm_call_iv,option_iv_atm_put_iv,option_iv_atm_put_call_iv_spread,option_iv_0dte,option_iv_1dte,option_iv_7dte,option_iv_30dte,option_iv_vix_like_30d,option_iv_30dte_change_30s,option_iv_30dte_change_60s,option_iv_30dte_change_300s,option_iv_30dte_vol_of_vol_300s,option_iv_1d_minus_30d,option_iv_7d_minus_30d,option_iv_put_iv_down_1pct,option_iv_call_iv_up_1pct,option_iv_put_call_skew_1pct,option_iv_put_call_skew_1pct_change_30s,option_iv_put_call_skew_1pct_change_60s,option_iv_put_call_skew_1pct_change_300s,option_iv_expected_move_1d_points,option_iv_expected_move_7d_points,option_iv_expected_move_30d_points,option_iv_median_option_spread_pct,option_iv_max_option_spread,option_iv_data_quality,option_iv_allowed,option_iv_reason,option_strike_map_utc_time,option_strike_map_age_seconds,option_strike_map_underlying_price,option_strike_map_atm_strike,option_strike_map_atm_straddle_points,option_strike_map_expected_move_position,option_strike_map_target_1_strike,option_strike_map_target_1_distance,option_strike_map_target_2_strike,option_strike_map_target_2_distance,option_strike_map_target_3_strike,option_strike_map_target_3_distance,option_strike_map_call_put_volume_imbalance,option_strike_map_gamma_regime_score,option_strike_map_next_upside_call_volume_distance,option_strike_map_long_breakout_allowed,option_strike_map_long_breakout_reason,option_strike_map_selected_tp_source,option_strike_map_selected_tp_target,option_strike_map_selected_tp_distance,option_strike_map_allowed,option_strike_map_reason,order_book_microstructure_direction,order_book_microstructure_label,order_book_microstructure_confirmation_count,order_book_microstructure_allowed,order_book_microstructure_reason,spx_ema20_distance,spx_ema20_max_distance_allowed,above_vwap_confirmed,es_vwap_slope_allowed,es_higher_low_allowed,higher_timeframe_ema,higher_timeframe_ema_slope,higher_timeframe_trend,hour_utc,mae,mfe,end_trade_drawdown,closed_trade_duration,path_price_sample_count,path_has_intratrade_samples,path_mfe,path_mae,path_mfe_minutes,path_mae_minutes,path_mfe_before_mae,path_positive_before_mae,path_first_positive_minutes,path_mfe_before_mae_points,path_mae_before_mfe_points,path_mfe_after_mae_points,path_configured_tp_distance,path_effective_tp_distance,path_tp_reached,path_tp_reached_before_mae,path_tp_touch_minutes,path_half_tp_touch_minutes,path_mfe_to_tp_ratio,path_pre_mae_mfe_to_tp_ratio,path_first_observed_points,path_first_observed_seconds,path_first_nonzero_move_points,path_first_nonzero_move_seconds,path_first_nonzero_move_positive,path_first_profit_0_5p_minutes,path_first_profit_1_0p_minutes,path_first_profit_1_5p_minutes,path_first_profit_2_0p_minutes,path_first_profit_3_0p_minutes,path_first_profit_4_0p_minutes,path_first_profit_5_0p_minutes,path_mfe_first_5m,path_mae_first_5m,path_mfe_first_15m,path_mae_first_15m,path_mfe_first_30m,path_mae_first_30m,path_mfe_first_60m,path_mae_first_60m
1,2,2026-06-25T05:53:14+00:00,2026-06-25T06:08:31+00:00,2026-06-25T01:53:14.0000000,2026-06-25T02:08:31.0000000,34.0,7427.4,7428.4,7428.4,34.0,917.0,15.283333333333333,2026-06-25T05:53:14+00:00,0.0,7427.15,7483.842110308947,56.43628061317044,18.66625217039756,-56.69211030894712,7483.75,7478.219290192381,0.007462736061251686,0.001505665670126761,True,True,True,653.0,7487.25,3.5,14.4166666666667,3.9718390048358323,-0.5888179752101936,True,3.5,True,True,3.0,441.0,False,-2.25,False,-1.5,True,2.0,True,0.008759770893775816,True,5.530709807619142,True,True,206.0,2.0790400961907785,5.530709807619142,True,5.530709807619132,60453.0,,disabled,,38.0,0.0,3.310337861723744,7430.5,49.211639886947694,True,0.0,4.0,True,setup quality 49.21 <= 50.00; ES structure score 3 <= 3; ES structure higher-low -2.25 < 0.25; ES structure higher-high -1.50 < 0.00,0.0,True,standard,1.0,VALID_0DTE,VALID_0DTE,True,False,False,valid 0DTE option strike map; option IV module disabled,pullback_long,pullback_long,True,True,"VALID_0DTE ordered router; ordered ES pullback: trendPrice=7483.75, ema=7483.84, distance=5.53, adx=18.67, rsi=56.44, structure=3",0.90,5,,,,,,,,,,,,,,,,,,,,,,,,,,,,,,,,,,,,,,True,disabled,2026-06-25T05:53:10.5328330Z,3.467167,7472.5,7470.0,72.025,0.03471017008,7475.0,2.5,7544.525,72.025,7475.0,2.5,0.9775760812,0.971304846,2.5,True,allowed,,,,True,allowed,,,,,,-0.09211030894655012,True,True,True,True,,,True,5,-73.1,66.3,129.2,00:15:17,64,True,1.8500000000003638,-2.0499999999992724,9.766666666666667,3.0166666666666666,False,False,7.016666666666667,0.0,-2.0499999999992724,1.8500000000003638,3.310337861723744,3.100000000000364,False,False,,9.516666666666667,0.5967741935484344,0.0,-0.25,1.0,-0.25,1.0,False,7.016666666666667,7.516666666666667,9.516666666666667,,,,,0.0,-2.0499999999992724,1.8500000000003638,-2.0499999999992724,1.8500000000003638,-2.0499999999992724,1.8500000000003638,-2.0499999999992724
3,4,2026-06-25T07:32:01+00:00,2026-06-25T07:44:06+00:00,2026-06-25T03:32:01.0000000,2026-06-25T03:44:06.0000000,34.0,7440.9,7441.9,7441.9,34.0,725.0,12.083333333333334,2026-06-25T07:32:01+00:00,0.0,7440.65,7478.525095920347,67.56924925988709,19.48020702854867,-37.87509592034712,7488.75,7478.824079804652,0.1470177109395064,0.15622121070834982,True,True,True,1089.0,7495.75,7.0,1.26666666666667,5.535097120779761,1.2621442456281573,True,16.25,True,True,2.0,737.0,False,-2.0,True,15.25,False,7.0,False,0.03194832763468103,True,9.925920195348105,True,True,403.0,-5.610241310848571,9.925920195348105,True,9.925920195348226,88867.0,,disabled,,30.0,0.0,14.0625,7454.7,63.014044412477304,True,0.16744691180429475,4.0,True,"ES structure score 2 <= 3; ES structure higher-low -2.00 < 0.25; ES pullback from high 7.00 >= 5.00; ES recent high rejection distance 7.00 >= 5.00, minutes 1.27 <= 15.00",0.0,True,standard,1.0,VALID_0DTE,VALID_0DTE,True,False,False,valid 0DTE option strike map; option IV module disabled,squeeze_long,squeeze_long,True,True,"VALID_0DTE ordered router; ordered ES squeeze: negativeGamma=False, highVol=False, aboveExpectedMove=False, distance=9.93, slope=0.1470, adx=19.48, rsi=67.57, structure=3, orderBookBullish=False",1.25,,,,,,,,,,,,,,,,,,,,,,,,,,,,,,,,,,,,,,,True,disabled,2026-06-25T07:32:00.7048050Z,0.295195,7486.0,7485.0,72.4,0.0138121547,7500.0,14.0,7558.4,72.4,7490.0,4.0,0.9704721532,0.9647793854,4.0,True,allowed,target_1_next_strike,7500.0,11.25,True,allowed,,,,,,10.224904079653085,True,True,True,True,,,True,7,-103.7,66.3,119.0,00:12:05,54,True,1.75,-2.5499999999992724,11.733333333333333,6.233333333333333,False,True,0.23333333333333334,0.4500000000007276,-2.5499999999992724,1.75,14.0625,13.800000000000182,False,False,,,0.12681159420289687,0.03260869565222621,0.25,14.0,0.25,14.0,True,7.733333333333333,9.983333333333333,11.733333333333333,,,,,0.4500000000007276,-2.25,1.75,-2.5499999999992724,1.75,-2.5499999999992724,1.75,-2.5499999999992724
5,6,2026-06-25T09:22:08+00:00,2026-06-25T09:34:08+00:00,2026-06-25T05:22:08.0000000,2026-06-25T05:34:08.0000000,34.0,7432.4,7435.1,7433.4,91.80000000002474,720.0,12.0,2026-06-25T09:22:08+00:00,0.0,7432.15,7440.25460337676,72.31665244539509,26.86388171474584,-8.104603376760679,7459.0,7444.584652417476,0.040755872062930326,0.10478026873875504,True,True,True,1801.0,7461.5,2.5,1.56666666666667,5.2826123048232425,-0.5449538218309897,True,31.0,True,True,4.0,1201.0,True,19.5,True,7.25,True,2.5,False,-0.09331139212897996,True,14.41534758252437,True,True,601.0,-16.42747915232877,14.41534758252437,True,14.415347582524191,594794.0,,disabled,,30.0,0.0,38.75,7470.9,79.04705742081143,True,1.0581698567117457,1.0,True,RSI 72.32 >= 70.00,0.0,True,standard,1.0,VALID_0DTE,VALID_0DTE,True,False,False,valid 0DTE option strike map; option IV module disabled,squeeze_long,squeeze_long,True,True,"VALID_0DTE ordered router; ordered ES squeeze: negativeGamma=False, highVol=False, aboveExpectedMove=False, distance=14.42, slope=0.0408, adx=26.86, rsi=72.32, structure=4, orderBookBullish=False",1.25,,,,,,,,,,,,,,,,,,,,,,,,,,,,,,,,,,,,,,,True,disabled,2026-06-25T09:22:07.9369440Z,0.063056,7477.75,7480.0,74.95,-0.03002001334,7500.0,22.25,7552.7,74.95,7490.0,12.25,0.9680696662,0.9613906102,12.25,True,allowed,target_3_call_volume,7490.0,31.0,True,allowed,,,,,,18.745396623239277,True,True,True,True,,,True,9,-25.5,107.1,74.8,00:12:00,50,True,3.1500000000005457,-0.75,8.866666666666667,4.366666666666666,False,True,1.3666666666666667,0.75,-0.75,3.1500000000005457,38.75,38.5,False,False,,,0.08181818181819599,0.01948051948051948,-0.25,7.0,-0.25,7.0,False,2.1166666666666667,7.366666666666666,7.366666666666666,8.866666666666667,8.866666666666667,,,0.75,-0.75,3.1500000000005457,-0.75,3.1500000000005457,-0.75,3.1500000000005457,-0.75
7,8,2026-06-25T09:34:21+00:00,2026-06-25T09:51:41+00:00,2026-06-25T05:34:21.0000000,2026-06-25T05:51:41.0000000,34.0,7435.6,7436.6,7436.6,34.0,1040.0,17.333333333333332,2026-06-25T09:34:21+00:00,0.0,7435.35,7449.280149465816,70.6589675823481,21.28801852554743,-13.930149465815703,7459.0,7445.313255804703,0.08915605261243507,0.06007999644590964,True,True,True,1801.0,7467.25,8.25,1.03333333333333,0.0,0.0,True,17.25,True,True,3.0,1201.0,True,13.75,True,5.75,False,8.25,False,0.03251998750103882,True,13.686744195297488,True,True,601.0,-2.970113198375514,13.686744195297488,True,13.686744195297251,653608.0,,disabled,,30.0,0.0,38.75,7474.1,71.85955531062595,True,0.6588641839236636,4.0,True,"ES structure score 3 <= 3; ES pullback from high 8.25 >= 5.00; ES recent high rejection distance 8.25 >= 5.00, minutes 1.03 <= 15.00; RSI 70.66 >= 70.00",0.0,True,standard,1.0,VALID_0DTE,VALID_0DTE,True,False,False,valid 0DTE option strike map; option IV module disabled,squeeze_long,squeeze_long,True,True,"VALID_0DTE ordered router; ordered ES squeeze: negativeGamma=False, highVol=False, aboveExpectedMove=False, distance=13.69, slope=0.0892, adx=21.29, rsi=70.66, structure=4, orderBookBullish=False",1.25,,,,,,,,,,,,,,,,,,,,,,,,,,,,,,,,,,,,,,,True,disabled,2026-06-25T09:34:20.4803040Z,0.519696,7481.0,7480.0,72.3,0.01383125864,7500.0,19.0,7553.3,72.3,7490.0,9.0,0.9681437126,0.9618023959,9.0,True,allowed,target_3_call_volume,7490.0,31.0,True,allowed,,,,,,9.719850534183843,True,True,True,True,,,True,9,-25.5,56.1,71.4,00:17:20,110,True,1.5499999999992724,-0.75,3.65,0.9,False,True,0.4,0.049999999999272404,-0.75,1.5499999999992724,38.75,38.5,False,False,,,0.04025974025972136,0.0012987012986824002,-0.25,9.0,-0.25,9.0,False,2.4,2.4,3.65,,,,,1.5499999999992724,-0.75,1.5499999999992724,-0.75,1.5499999999992724,-0.75,1.5499999999992724,-0.75
9,10,2026-06-25T10:03:00+00:00,2026-06-25T10:14:56+00:00,2026-06-25T06:03:00.0000000,2026-06-25T06:14:56.0000000,34.0,7436.4,7440.1,7440.1,125.80000000002474,716.0,11.933333333333334,2026-06-25T10:03:00+00:00,0.0,7436.15,7456.925711945989,48.60677908411405,19.04248829284537,-20.775711945989315,7456.0,7447.0691966145405,0.022171853623454103,-0.08301047446279627,True,True,True,1801.0,7475.0,19.0,8.13333333333333,1.8790965842441676,-0.34938598483715455,True,10.25,True,True,4.0,1201.0,True,1.5,True,0.25,False,19.0,True,0.05903321541606131,True,8.930803385459715,True,True,601.0,-1.2666978136550713,8.930803385459715,True,8.930803385459512,756175.0,,disabled,,38.0,0.0,3.6,7439.8,59.34614185515348,True,0.0,2.0,True,"ES pullback from high 19.00 >= 5.00; ES recent high rejection distance 19.00 >= 5.00, minutes 8.13 <= 15.00",0.0,True,standard,1.0,VALID_0DTE,VALID_0DTE,True,False,False,valid 0DTE option strike map; option IV module disabled,pullback_long,pullback_long,True,True,"VALID_0DTE ordered router; ordered ES pullback: trendPrice=7456.00, ema=7456.93, distance=8.93, adx=19.04, rsi=48.61, structure=4",0.90,5,,,,,,,,,,,,,,,,,,,,,,,,,,,,,,,,,,,,,,True,disabled,2026-06-25T10:02:56.2181710Z,3.781829,7481.75,7480.0,71.25,0.02456140351,7500.0,18.25,7553.0,71.25,7490.0,8.25,0.9593212459,0.9529510979,8.25,True,allowed,,,,True,allowed,,,,,,-0.9257119459888776,True,True,True,True,,,True,10,-52.7,134.3,61.2,00:11:56,49,True,3.850000000000364,-1.5499999999992724,10.016666666666667,1.0166666666666666,False,True,0.26666666666666666,0.25,-1.5499999999992724,3.850000000000364,3.6,3.4000000000005457,True,False,9.766666666666667,4.266666666666667,1.132352941176396,0.07352941176469407,-0.25,1.0,-0.25,1.0,False,2.0166666666666666,3.0166666666666666,4.266666666666667,4.766666666666667,9.766666666666667,,,2.4500000000007276,-1.5499999999992724,3.850000000000364,-1.5499999999992724,3.850000000000364,-1.5499999999992724,3.850000000000364,-1.5499999999992724
11,12,2026-06-26T07:16:43+00:00,2026-06-26T07:28:43+00:00,2026-06-26T03:16:43.0000000,2026-06-26T03:28:43.0000000,34.0,7360.1,7363.4,7361.1,112.19999999997526,720.0,12.0,2026-06-26T07:16:43+00:00,0.0,7359.85,7393.456924461269,73.40652552124621,39.39712146479236,-33.606924461269045,7402.25,7386.402224909496,0.05514767911132263,0.03509579302137356,True,True,True,1264.0,7403.75,1.5,0.55,1.9002569542311762,1.7945822668257105,True,9.75,True,True,4.0,876.0,True,10.75,True,7.75,True,1.5,False,0.022968656079413185,True,15.847775090504145,True,True,450.0,6.45242159962781,15.847775090504145,True,15.847775090504001,130657.0,,disabled,,30.0,0.0,28.4375,7388.3,83.11992695720254,True,1.2844403865112521,1.0,True,RSI 73.41 >= 70.00,0.0,True,standard,1.0,VALID_0DTE,VALID_0DTE,True,False,False,valid 0DTE option strike map; option IV module disabled,squeeze_long,squeeze_long,True,True,"VALID_0DTE ordered router; ordered ES squeeze: negativeGamma=False, highVol=False, aboveExpectedMove=False, distance=15.85, slope=0.0551, adx=39.40, rsi=73.41, structure=5, orderBookBullish=False",1.25,,,,,,,,,,,,,,,,,,,,,,,,,,,,,,,,,,,,,,,True,disabled,2026-06-26T07:16:42.8760750Z,0.123925,7404.0,7405.0,72.55,-0.01378359752,7425.0,21.0,7476.55,72.55,7425.0,21.0,0.9577809051,0.9550654881,21.0,True,allowed,target_1_next_strike,7425.0,22.75,True,allowed,,,,,,8.793075538730724,True,True,True,True,,,True,7,-113.9,154.7,197.2,00:12:00,50,True,4.549999999999272,-2.9500000000007276,11.8,4.3,False,True,0.05,2.449999999999818,-2.9500000000007276,4.549999999999272,28.4375,28.199999999999818,False,False,,,0.1613475177304717,0.08687943262410759,0.049999999999272404,3.0,0.049999999999272404,3.0,True,0.55,1.05,1.05,1.05,8.3,11.8,,2.449999999999818,-2.9500000000007276,4.549999999999272,-2.9500000000007276,4.549999999999272,-2.9500000000007276,4.549999999999272,-2.9500000000007276
13,14,2026-06-26T08:58:00+00:00,2026-06-26T09:14:36+00:00,2026-06-26T04:58:00.0000000,2026-06-26T05:14:36.0000000,35.0,7343.9,7344.9,7344.9,35.0,996.0,16.6,2026-06-26T08:58:00+00:00,0.0,7343.65,7384.29206228238,71.98751344853035,14.288792309597971,-40.64206228238072,7403.5,7382.43866996174,0.12772201664328045,0.11457887799429534,True,True,True,1795.0,7405.5,2.0,0.416666666666667,4.442236960626204,0.45927286099266285,True,26.75,True,True,4.0,1201.0,True,7.75,True,16.5,True,2.0,False,-0.004136317564171795,True,21.061330038260557,True,True,601.0,-5.042609019104524,21.061330038260557,True,21.061330038260166,335855.0,,disabled,,42.0,0.0,12.0,7355.7,80.23460542401934,True,1.1241447457788523,2.0,True,ADX 14.29 <= 18.00; RSI 71.99 >= 70.00,0.0,True,standard,1.0,VALID_0DTE,VALID_0DTE,True,False,False,valid 0DTE option strike map; option IV module disabled,charm_wall_breakaway_long,charm_wall_breakaway_long,True,True,"charm-wall breakaway: price=7403.50, charmWall=7400.00, distance=3.50, breakoutConfirmed=True, negativeGamma=False, netCharm30m=-13793910",1.25,12,,,,,,,,,,,,,,,,,,,,,,,,,,,,,,,,,,,,,,True,disabled,2026-06-26T08:57:58.3774000Z,1.6226,7388.0,7390.0,75.25,-0.02657807309,7400.0,12.0,7463.25,75.25,7400.0,12.0,0.9616315888,0.9580874629,12.0,True,allowed,target_2_upper_straddle,7463.25,50.0,True,allowed,,,,,,19.207937717619643,True,True,True,True,,,True,8,-201.25,47.25,234.5,00:16:36,73,True,1.25,-5.75,16.516666666666666,12.016666666666667,False,True,0.26666666666666666,0.75,-5.75,1.25,12.0,11.800000000000182,False,False,,,0.10593220338982888,0.06355932203389733,-0.75,1.0,-0.75,1.0,False,0.7666666666666667,16.516666666666666,,,,,,0.75,-4.75,0.75,-5.75,1.25,-5.75,1.25,-5.75
15,16,2026-06-26T11:05:02+00:00,2026-06-26T11:12:16+00:00,2026-06-26T07:05:02.0000000,2026-06-26T07:12:16.0000000,17.0,7346.1,7348.6,7348.6,42.5,434.0,7.233333333333333,2026-06-26T11:05:02+00:00,0.0,7345.85,7446.411479370835,51.90575121644075,17.86671990042947,-100.5614793708346,7446.25,7406.529327547484,0.09422751106621303,-0.03021229940198004,True,True,True,1793.0,7459.0,12.75,21.35,-0.033245812934164454,-1.3625870807964617,True,8.5,True,True,3.0,1197.0,True,2.25,False,-6.0,False,6.25,True,0.15531446102294638,True,39.72067245251558,True,True,600.0,32.285022623644146,39.72067245251558,True,39.72067245251583,705284.0,,disabled,,38.0,0.0,2.4,7348.3,69.16348267012212,True,0.5090823705623405,5.0,True,ES structure score 3 <= 3; ES structure higher-high -6.00 < 0.00; ES pullback from high 6.25 >= 5.00; ADX slope -1.3626 <= -1.0000; ADX 17.87 <= 18.00,0.0,True,standard,0.5,VALID_0DTE,VALID_0DTE,True,False,False,valid 0DTE option strike map; option IV module disabled,charm_pin_pullback_long,charm_pin_pullback_long,True,True,"positive gamma/charm pin pullback: expectedMovePosition=-0.0034, netCharm30m=4890347, lowerFade=False, pullback=True, dynamicMaxVwapDistance=18.31",0.80,3,,,,,,,,,,,,,,,,,,,,,,,,,,,,,,,,,,,,,,True,disabled,2026-06-26T11:04:57.6619810Z,4.338019,7389.75,7390.0,73.25,-0.003412969283,7400.0,10.25,7463.0,73.25,7400.0,10.25,0.8810014469,0.8631151597,10.25,True,allowed,target_2_upper_straddle,7463.0,15.5,True,allowed,,,,,,-0.1614793708348835,True,True,True,True,,,True,11,-50.15,46.75,66.3,00:07:14,30,True,2.75,-2.9500000000007276,7.233333333333333,1.2333333333333334,False,True,0.23333333333333334,0.5499999999992724,-2.9500000000007276,2.75,2.4,2.199999999999818,True,False,6.983333333333333,6.733333333333333,1.2500000000001033,0.24999999999968994,0.1499999999996362,14.0,0.1499999999996362,14.0,True,0.48333333333333334,6.733333333333333,6.733333333333333,6.983333333333333,,,,0.5499999999992724,-2.9500000000007276,2.75,-2.9500000000007276,2.75,-2.9500000000007276,2.75,-2.9500000000007276
17,18,2026-06-26T11:44:37+00:00,2026-06-26T12:02:21+00:00,2026-06-26T07:44:37.0000000,2026-06-26T08:02:21.0000000,17.0,7342.9,7343.9,7343.9,17.0,1064.0,17.733333333333334,2026-06-26T11:44:37+00:00,0.0,7342.55,7435.905639097315,56.44327468045778,18.615756015305017,-93.35563909731445,7435.5,7408.899906640651,0.036458231234753474,-0.01860428050353446,True,True,True,1774.0,7441.25,5.75,7.08333333333333,-0.6766779442690223,-0.7684498689023272,True,1.25,True,True,4.0,1176.0,True,9.75,True,3.25,False,5.75,True,0.04598543120822102,True,26.600093359348268,True,True,585.0,25.463279771318934,26.600093359348268,True,26.600093359348648,774427.0,,disabled,,38.0,0.0,2.4,7345.0,69.8041531026707,True,0.5446751723705945,2.0,True,"ES pullback from high 5.75 >= 5.00; ES recent high rejection distance 5.75 >= 5.00, minutes 7.08 <= 15.00",0.0,True,standard,0.5,VALID_0DTE,VALID_0DTE,True,False,False,valid 0DTE option strike map; option IV module disabled,charm_pin_pullback_long,charm_pin_pullback_long,True,True,"positive gamma/charm pin pullback: expectedMovePosition=0.0209, netCharm30m=1231666, lowerFade=False, pullback=True, dynamicMaxVwapDistance=17.98",0.80,3,,,,,,,,,,,,,,,,,,,,,,,,,,,,,,,,,,,,,,True,disabled,2026-06-26T11:44:33.4564870Z,3.543513,7386.5,7385.0,71.9,0.02086230876,7400.0,13.5,7458.4,71.9,7400.0,13.5,0.8852890387,0.8660113133,13.5,True,allowed,,,,True,allowed,,,,,,-0.40563909731469644,True,True,True,True,,,True,11,-158.95,33.15,181.9,00:17:44,73,True,1.9500000000007276,-9.349999999999454,17.733333333333334,9.65,False,True,1.65,1.25,-9.349999999999454,1.9500000000007276,2.4,2.100000000000364,False,False,,4.4,0.9285714285716142,0.5952380952379921,-1.6499999999996362,9.0,-1.6499999999996362,9.0,False,2.65,4.4,17.733333333333334,,,,,1.25,-2.5499999999992724,1.25,-9.349999999999454,1.9500000000007276,-9.349999999999454,1.9500000000007276,-9.349999999999454
19,20,2026-06-26T12:13:22+00:00,2026-06-26T12:15:56+00:00,2026-06-26T08:13:22.0000000,2026-06-26T08:15:56.0000000,17.0,7354.6,7357.1,7357.1,42.5,154.0,2.566666666666667,2026-06-26T12:13:22+00:00,0.0,7354.35,7443.70222347524,62.01966078481412,25.20114869442548,-89.35222347523995,7443.5,7410.3258588563895,0.07431694871750388,0.025974599298925972,True,True,True,1728.0,7452.25,8.75,2.78333333333333,-0.38816498279314504,0.9576761851235792,True,2.0,True,True,4.0,1151.0,True,6.25,True,6.75,False,8.75,True,0.05192879212113591,True,33.17414114361072,True,True,586.0,31.730984212433224,33.17414114361072,True,33.17414114361054,809856.0,,disabled,,38.0,0.0,2.4,7356.8,80.36823152428087,True,1.1315684180156038,2.0,True,"ES pullback from high 8.75 >= 5.00; ES recent high rejection distance 8.75 >= 5.00, minutes 2.78 <= 15.00",0.0,True,standard,0.5,VALID_0DTE,VALID_0DTE,True,False,False,valid 0DTE option strike map; option IV module disabled,charm_pin_pullback_long,charm_pin_pullback_long,True,True,"positive gamma/charm pin pullback: expectedMovePosition=-0.0156, netCharm30m=23954966, lowerFade=False, pullback=True, dynamicMaxVwapDistance=18.06",0.80,3,,,,,,,,,,,,,,,,,,,,,,,,,,,,,,,,,,,,,,True,disabled,2026-06-26T12:13:19.1210730Z,2.878927,7398.875,7400.0,72.25,-0.01557093426,7400.0,1.125,7471.125,72.25,7400.0,1.125,0.8951657306,0.8812999266,1.125,True,allowed,,,,True,allowed,,,,,,-0.20222347524075687,True,True,True,True,,,True,12,-12.75,55.25,42.5,00:02:34,11,True,2.5,-0.3500000000003638,2.566666666666667,1.65,False,True,0.15,1.75,-0.3500000000003638,2.5,2.4,2.199999999999818,True,False,2.566666666666667,0.65,1.1363636363637304,0.7954545454546113,0.1499999999996362,9.0,0.1499999999996362,9.0,True,0.4,0.65,0.65,2.566666666666667,,,,2.5,-0.3500000000003638,2.5,-0.3500000000003638,2.5,-0.3500000000003638,2.5,-0.3500000000003638
21,22,2026-06-26T12:36:10+00:00,2026-06-26T13:56:26+00:00,2026-06-26T08:36:10.0000000,2026-06-26T09:56:26.0000000,17.0,7346.9,7349.4,7349.4,42.5,4816.0,80.26666666666667,2026-06-26T12:36:10+00:00,0.0,7346.55,7439.1612688827345,42.41618552921767,17.952716065998423,-92.6112688827343,7437.5,7411.299200362154,0.04310975950036593,-0.015019643932074335,True,True,True,1752.0,7452.25,14.75,25.5833333333333,-3.8596540134097053,-0.626418711706108,True,5.75,True,True,4.0,1172.0,True,0.25,True,3.75,False,9.75,True,0.043631040872748925,True,26.200799637845826,True,True,586.0,20.940429588020432,26.200799637845826,True,26.200799637846103,838317.0,,disabled,,38.0,0.0,2.4,7349.0,61.98780488218455,True,0.11043360456580806,4.0,True,ES pullback from high 9.75 >= 5.00; RSI slope -3.8597 <= -2.0000; ADX 17.95 <= 18.00; RSI 42.42 <= 45.00,0.0,True,standard,0.5,VALID_0DTE,VALID_0DTE,True,False,False,valid 0DTE option strike map; option IV module disabled,charm_pin_pullback_long,charm_pin_pullback_long,True,True,"positive gamma/charm pin pullback: expectedMovePosition=0.0105, netCharm30m=-25173027, lowerFade=False, pullback=True, dynamicMaxVwapDistance=17.83",0.80,3,,,,,,,,,,,,,,,,,,,,,,,,,,,,,,,,,,,,,,True,disabled,2026-06-26T12:36:09.4768050Z,0.523195,7390.75,7390.0,71.3,0.01051893408,7400.0,9.25,7462.05,71.3,7400.0,9.25,0.9689110345,0.9664489739,9.25,True,allowed,,,,True,allowed,,,,,,-1.661268882734594,True,True,True,True,,,True,12,-527.0,42.5,529.55,01:20:16,322,True,2.5,-28.5,80.26666666666667,58.1,False,False,80.26666666666667,0.0,-28.5,2.5,2.4,2.100000000000364,True,False,80.26666666666667,80.26666666666667,1.1904761904759842,0.0,-0.6499999999996362,6.0,-0.6499999999996362,6.0,False,80.26666666666667,80.26666666666667,80.26666666666667,80.26666666666667,,,,0.0,-5.75,0.0,-9.549999999999272,0.0,-12.25,0.0,-28.5
23,24,2026-06-26T14:58:38+00:00,2026-06-26T15:10:38+00:00,2026-06-26T10:58:38.0000000,2026-06-26T11:10:38.0000000,34.0,7375.8,7376.8,7376.8,34.0,720.0,12.0,2026-06-26T14:58:38+00:00,0.0,7375.6,7423.228407797152,64.9671068605171,25.616599238567073,-47.62840779715134,7428.75,7413.909777934909,0.051328894996729796,0.010454138169944959,True,True,True,1787.0,7431.75,3.0,11.9166666666667,1.8168839371869974,0.6766959818700045,True,10.0,True,True,3.0,1195.0,True,3.0,False,-2.75,True,0.25,False,0.034881862179309255,True,14.840222065091536,True,True,601.0,5.195944019630803,14.840222065091536,True,14.840222065091439,1115844.0,,disabled,,30.0,0.0,62.5,7438.1,71.30951585774125,True,0.6283064365411806,2.0,True,ES structure score 3 <= 3; ES structure higher-high -2.75 < 0.00,0.0,True,standard,1.0,VALID_0DTE,VALID_0DTE,True,False,False,valid 0DTE option strike map; option IV module disabled,squeeze_long,squeeze_long,True,True,"VALID_0DTE ordered router; ordered ES squeeze: negativeGamma=False, highVol=False, aboveExpectedMove=False, distance=14.84, slope=0.0513, adx=25.62, rsi=64.97, structure=4, orderBookBullish=False",1.25,,,,,,,,,,,,,,,,,,,,,,,,,,,,,,,,,,,,,,,True,disabled,2026-06-26T14:58:33.7557080Z,4.244292,7421.25,7420.0,65.475,0.0190912562,7425.0,3.75,7486.725,65.475,7425.0,3.75,0.9524541156,0.9491894423,3.75,True,allowed,target_2_upper_straddle,7486.725,50.0,True,allowed,,,,,,5.521592202848595,True,True,True,True,,,True,14,-132.6,231.2,357.0,00:12:00,50,True,6.599999999999454,-3.9000000000005457,5.133333333333334,0.38333333333333336,False,False,0.6333333333333333,0.0,-3.9000000000005457,6.599999999999454,62.5,62.30000000000018,False,False,,,0.10593900481540024,0.0,-1.4000000000005457,8.0,-1.4000000000005457,8.0,False,0.6333333333333333,0.6333333333333333,0.6333333333333333,2.3833333333333333,2.8833333333333333,2.8833333333333333,2.8833333333333333,6.099999999999454,-3.9000000000005457,6.599999999999454,-3.9000000000005457,6.599999999999454,-3.9000000000005457,6.599999999999454,-3.9000000000005457
25,26,2026-06-28T22:52:28+00:00,2026-06-28T23:07:11+00:00,2026-06-28T18:52:28.0000000,2026-06-28T19:07:11.0000000,34.0,7392.2,7398.3,7398.3,207.40000000001237,883.0,14.716666666666667,2026-06-28T22:52:28+00:00,0.0,7391.85,7441.276728861802,81.56836494703313,27.17010544693424,-49.426728861802076,7451.0,7443.621503793455,0.08040129867554685,0.1719785262036121,True,True,True,1030.0,7451.25,0.25,0.266666666666667,5.217280001361665,0.9084211563645711,True,15.25,True,True,4.0,717.0,True,1.75,True,8.25,True,0.25,False,-0.0923032253806306,True,7.378496206545125,True,True,345.0,-7.786600327153762,7.378496206545125,True,7.378496206544696,8831.0,,disabled,,48.0,0.0,6.0,7397.9,70.88055947470568,True,0.6044755263725372,1.0,True,RSI 81.57 >= 70.00,0.0,True,standard,1.0,EXPIRED_0DTE,EXPIRED_0DTE,False,False,True,0DTE expired after 16:00:00,breakout_long_no_0dte,breakout_long_no_0dte,True,True,"EXPIRED_0DTE routed fallback: 0DTE expired after 16:00:00; no-0DTE configured profile: profile=breakout_long_no_0dte, distance=7.38, slope=0.0804, acceleration=0.1720, adx=27.17, rsi=81.57, structure=4, directionalEvidence=True",1,,,,,,,,,,,,,,,,,,,,,,,,,,,,,,,,,,,,,,,True,disabled,2026-06-27T03:45:00.0729630Z,155247.927037,7397.25,7395.0,62.7,0.03588516746,7400.0,2.75,7459.95,62.7,7400.0,2.75,0.688919062,,2.75,True,allowed,,,,False,stale age=155247.93s max=600s,,,,,,9.723271138197319,True,True,True,True,,,True,22,-76.5,243.1,91.8,00:14:43,60,True,6.100000000000364,-2.25,14.716666666666667,7.55,False,True,0.05,0.4499999999998181,-2.25,6.100000000000364,6.0,5.699999999999818,True,False,14.716666666666667,11.55,1.0701754385965891,0.07894736842102323,0.0500000000001819,3.0,0.0500000000001819,3.0,True,8.8,9.05,9.3,9.8,11.55,11.55,14.716666666666667,0.4499999999998181,-1.25,6.100000000000364,-2.25,6.100000000000364,-2.25,6.100000000000364,-2.25
27,28,2026-06-29T00:44:00+00:00,2026-06-29T00:56:06+00:00,2026-06-28T20:44:00.0000000,2026-06-28T20:56:06.0000000,34.0,7391.0,7392.0,7392.0,34.0,726.0,12.1,2026-06-29T00:44:00+00:00,0.0,7390.75,7446.845511435292,75.11487200847799,28.460258716113163,-56.09551143529188,7452.25,7444.464445831022,0.0550653788114577,0.015446122198176801,True,True,True,1057.0,7452.25,0.0,0.0,2.8681016298760977,1.5215452378774639,True,7.5,True,True,5.0,733.0,True,3.25,True,6.5,True,0.0,True,0.02238471848335492,True,7.7855541689776295,True,True,391.0,0.759732951348033,7.7855541689776295,True,7.7855541689777965,21636.0,,disabled,,45.0,0.0,3.0,7393.8,74.52151622036418,True,0.8067509011313435,1.0,True,RSI 75.11 >= 70.00,0.0,True,standard,1.0,VALID_1DTE_ONLY,VALID_1DTE_ONLY,False,True,False,0DTE expired after 16:00:00,breakout_long_1dte,breakout_long_1dte,True,True,"0DTE expired after 16:00:00; 1DTE breakout context: 1DTE gamma/charm wall breakout acceptedWall=7450.00, gammaWall=7450.00, charmWall=7450.00, underlying=7434.75, callPut=0.9880, forwardDexRatio30m=0.9108, orderBookBullish=True, wallHL=WallRollover, atm1DTE=7435.00, target1=7450.00, gammaWall1DTE=7450.00, charmWall1DTE=7450.00, forwardDEX30m1DTE=138047167",1.10,8,,,,,,,,,,,,,,,,,,,,,,,,,,,,,,,,,,,,,,True,disabled,2026-06-29T00:43:55.5587520Z,4.441248,7434.75,7435.0,69.45,-0.003599712023,7450.0,15.25,7504.2,69.45,7450.0,15.25,0.987987988,0.9867953342,15.25,True,allowed,,,,True,allowed,,,,,,5.4044885647078695,True,True,True,True,,,True,0,-375.7,49.3,425.0,00:12:06,51,True,1.25,-10.75,12.1,4.016666666666667,False,True,0.016666666666666666,0.25,-10.75,1.25,3.0,2.800000000000182,False,False,,,0.4464285714285424,0.08928571428570849,0.25,1.0,0.25,1.0,True,12.016666666666667,12.1,,,,,,0.25,-10.75,1.25,-10.75,1.25,-10.75,1.25,-10.75
29,30,2026-06-29T00:56:08+00:00,2026-06-29T00:58:41+00:00,2026-06-28T20:56:08.0000000,2026-06-28T20:58:41.0000000,34.0,7392.5,7395.6,7395.6,105.40000000001237,153.0,2.55,2026-06-29T00:56:08+00:00,0.0,7392.25,7451.7164968667985,79.08885611794308,40.691787470330645,-59.46649686679848,7457.25,7445.666780450584,0.14015034229602907,0.0882393874966781,True,True,True,1214.0,7457.25,0.0,0.0,0.0,0.0,True,7.25,True,True,5.0,838.0,True,4.75,True,3.5,True,0.0,True,0.07589051050714238,True,11.583219549415686,True,True,440.0,5.049435455961239,11.583219549415686,True,11.583219549415844,24901.0,,disabled,,45.0,0.0,3.0,7395.3,86.58321954941569,True,1.35,1.0,True,RSI 79.09 >= 70.00,0.0,True,standard,1.0,VALID_1DTE_ONLY,VALID_1DTE_ONLY,False,True,False,0DTE expired after 16:00:00,breakout_long_1dte,breakout_long_1dte,True,True,"0DTE expired after 16:00:00; 1DTE breakout context: 1DTE gamma/charm wall breakout acceptedWall=7450.00, gammaWall=7450.00, charmWall=7450.00, underlying=7435.50, callPut=0.9881, forwardDexRatio30m=0.9083, orderBookBullish=True, wallHL=Unknown, atm1DTE=7435.00, target1=7450.00, gammaWall1DTE=7450.00, charmWall1DTE=7450.00, forwardDEX30m1DTE=161009170",1.10,8,,,,,,,,,,,,,,,,,,,,,,,,,,,,,,,,,,,,,,True,disabled,2026-06-29T00:56:06.6212530Z,1.378747,7435.5,7435.0,69.3,0.007215007215,7450.0,14.5,7504.8,69.3,7450.0,14.5,0.98808933,0.9869773332,14.5,True,allowed,,,,True,allowed,,,,,,5.53350313320172,True,True,True,True,,,True,0,-11.9,117.3,57.8,00:02:33,11,True,3.100000000000364,-0.25,2.55,0.0,False,False,0.13333333333333333,0.0,-0.25,3.100000000000364,3.0,2.800000000000182,True,False,2.55,0.6333333333333333,1.1071428571429152,0.0,0.25,8.0,0.25,8.0,True,0.6333333333333333,0.6333333333333333,2.3833333333333333,2.55,2.55,,,3.100000000000364,-0.25,3.100000000000364,-0.25,3.100000000000364,-0.25,3.100000000000364,-0.25
31,32,2026-06-29T01:31:32+00:00,2026-06-29T01:35:56+00:00,2026-06-28T21:31:32.0000000,2026-06-28T21:35:56.0000000,35.0,7386.7,7389.8,7389.8,108.50000000001273,264.0,4.4,2026-06-29T01:31:32+00:00,0.0,7386.45,7449.772716967393,62.700828661905085,21.320777175737277,-63.32271696739281,7452.5,7446.866702470462,0.026625316058828022,0.010691377861358492,True,True,True,1228.0,7455.75,3.25,29.95,-0.18175834983833736,1.1033915261353402,True,5.0,True,True,5.0,752.0,True,1.75,True,3.5,True,0.0,True,0.013394024499133446,True,5.633297529538131,True,True,388.0,0.8457699310703602,5.633297529538131,True,5.63329752953814,32585.0,,disabled,,45.0,0.0,3.0,7389.5,62.44005844094775,True,0.13555880227487496,0.0,True,no entry-veto points,0.0,True,standard,1.0,VALID_1DTE_ONLY,VALID_1DTE_ONLY,False,True,False,0DTE expired after 16:00:00,breakout_long_1dte,breakout_long_1dte,True,True,"0DTE expired after 16:00:00; 1DTE breakout context: 1DTE gamma/charm wall breakout acceptedWall=7450.00, gammaWall=7450.00, charmWall=7450.00, underlying=7429.50, callPut=0.9906, forwardDexRatio30m=0.9116, orderBookBullish=True, wallHL=Unknown, atm1DTE=7430.00, target1=7450.00, gammaWall1DTE=7450.00, charmWall1DTE=7450.00, forwardDEX30m1DTE=206239314",1.10,8,,,,,,,,,,,,,,,,,,,,,,,,,,,,,,,,,,,,,,True,disabled,2026-06-29T01:31:28.2335010Z,3.766499,7429.5,7430.0,69.9,-0.007153075823,7450.0,20.5,7499.4,69.9,7450.0,20.5,0.9905628581,0.9892622966,20.5,True,allowed,,,,True,allowed,,,,,,2.727283032607665,True,True,True,True,,,True,1,-85.75,131.25,108.5,00:04:24,18,True,3.100000000000364,-2.050000000000182,4.4,0.48333333333333334,False,False,1.4833333333333334,0.0,-2.050000000000182,3.100000000000364,3.0,2.800000000000182,True,False,4.4,3.9833333333333334,1.1071428571429152,0.0,-1.75,14.0,-1.75,14.0,False,3.7333333333333334,3.7333333333333334,4.233333333333333,4.233333333333333,4.4,,,3.100000000000364,-2.050000000000182,3.100000000000364,-2.050000000000182,3.100000000000364,-2.050000000000182,3.100000000000364,-2.050000000000182
33,34,2026-06-29T02:29:08+00:00,2026-06-29T02:39:01+00:00,2026-06-28T22:29:08.0000000,2026-06-28T22:39:01.0000000,35.0,7396.7,7399.8,7399.8,108.50000000001273,593.0,9.883333333333333,2026-06-29T02:29:08+00:00,0.0,7396.45,7446.173069477066,75.58689006697894,29.126212608357136,-49.72306947706602,7451.75,7446.347440132122,0.01057679520421542,0.01059012932330399,True,True,True,1193.0,7451.75,0.0,0.0,4.212218325778559,0.6840269007264406,True,7.5,True,True,4.0,717.0,True,6.75,True,4.75,True,0.0,False,-0.006977200911431916,True,5.402559867877787,True,True,334.0,-2.045759389186958,5.402559867877787,True,5.4025598678781535,44807.0,,disabled,,45.0,0.0,3.0,7399.5,61.86480671352438,True,0.10360037297357673,1.0,True,RSI 75.59 >= 70.00,0.0,True,standard,1.0,VALID_1DTE_ONLY,VALID_1DTE_ONLY,False,True,False,0DTE expired after 16:00:00,breakout_long_1dte,breakout_long_1dte,True,True,"0DTE expired after 16:00:00; 1DTE breakout context: 1DTE gamma/charm wall breakout acceptedWall=7450.00, gammaWall=7425.00, charmWall=7450.00, underlying=7440.50, callPut=0.9934, forwardDexRatio30m=0.9552, orderBookBullish=True, wallHL=Unknown, atm1DTE=7440.00, target1=7450.00, gammaWall1DTE=7425.00, charmWall1DTE=7450.00, forwardDEX30m1DTE=425518740",1.10,8,,,,,,,,,,,,,,,,,,,,,,,,,,,,,,,,,,,,,,True,disabled,2026-06-29T02:29:07.2979090Z,0.702091,7440.5,7440.0,67.45,0.007412898443,7450.0,9.5,7507.95,67.45,7450.0,9.5,0.9934268186,0.992816061,9.5,True,allowed,,,,True,allowed,,,,,,5.576930522934332,True,True,True,True,,,True,2,-61.25,124.25,87.5,00:09:53,41,True,3.550000000000182,-1.75,9.883333333333333,3.3833333333333333,False,True,1.6333333333333333,0.25,-1.75,3.550000000000182,3.0,2.800000000000182,True,False,9.883333333333333,9.883333333333333,1.2678571428571255,0.08928571428570849,-1.25,8.0,-1.25,8.0,False,3.6333333333333333,9.883333333333333,9.883333333333333,9.883333333333333,9.883333333333333,,,0.6500000000005457,-1.75,3.550000000000182,-1.75,3.550000000000182,-1.75,3.550000000000182,-1.75
35,36,2026-06-29T02:41:22+00:00,2026-06-29T03:01:21+00:00,2026-06-28T22:41:22.0000000,2026-06-28T23:01:21.0000000,35.0,7399.2,7400.2,7400.2,35.0,1199.0,19.983333333333334,2026-06-29T02:41:22+00:00,0.0,7398.95,7448.779542781519,70.2433453985759,31.17381533602996,-49.829542781519194,7453.0,7446.47032617087,0.0153913325231586,0.010873761994366904,True,True,True,1011.0,7453.25,0.25,0.383333333333333,2.486734513920324,1.0212408729989264,True,6.25,True,True,4.0,655.0,True,2.5,True,1.5,True,0.25,False,0.0088584539314913,True,6.529673829130211,True,True,314.0,0.35726613361296805,6.529673829130211,True,6.529673829129933,46632.0,,disabled,,45.0,0.0,3.0,7402.0,64.94266290922198,True,0.2745923838456654,1.0,True,RSI 70.24 >= 70.00,0.0,True,standard,1.0,VALID_1DTE_ONLY,VALID_1DTE_ONLY,False,True,False,0DTE expired after 16:00:00,breakout_long_1dte,breakout_long_1dte,True,True,"0DTE expired after 16:00:00; 1DTE breakout context: 1DTE gamma/charm wall breakout acceptedWall=7450.00, gammaWall=7440.00, charmWall=7450.00, underlying=7442.25, callPut=0.9941, forwardDexRatio30m=0.9614, orderBookBullish=True, wallHL=Unknown, atm1DTE=7440.00, target1=7450.00, gammaWall1DTE=7440.00, charmWall1DTE=7450.00, forwardDEX30m1DTE=489125522",1.10,8,,,,,,,,,,,,,,,,,,,,,,,,,,,,,,,,,,,,,,True,disabled,2026-06-29T02:41:18.7116930Z,3.288307,7442.25,7440.0,66.15,0.03401360544,7450.0,7.75,7508.4,66.15,7450.0,7.75,0.9940793369,0.993564427,7.75,True,allowed,,,,True,allowed,,,,,,4.220457218480946,True,True,True,True,,,True,2,-82.25,43.75,91.0,00:19:59,106,True,1.1500000000005457,-2.25,19.816666666666666,13.4,False,True,1.4,0.25,-2.25,1.1500000000005457,3.0,2.800000000000182,False,False,,,0.4107142857144539,0.08928571428570849,-0.4499999999998181,9.0,-0.4499999999998181,9.0,False,18.9,19.483333333333334,,,,,,0.0500000000001819,-1.75,0.25,-2.25,1.1500000000005457,-2.25,1.1500000000005457,-2.25
37,38,2026-06-29T03:01:54+00:00,2026-06-29T03:04:16+00:00,2026-06-28T23:01:54.0000000,2026-06-28T23:04:16.0000000,35.0,7400.0,7403.1,7403.1,108.50000000001273,142.0,2.3666666666666667,2026-06-29T03:01:54+00:00,0.0,7399.65,7450.409858825584,59.55840057678262,19.879823706753303,-50.75985882558416,7453.75,7446.779891142112,0.018246873641292956,0.010194404210178596,True,True,True,954.0,7453.75,0.0,0.0,0.0,0.0,True,4.75,True,True,5.0,648.0,True,0.75,True,1.0,True,0.0,True,0.015069955460792659,True,6.970108857887719,True,True,303.0,2.317241309291748,6.970108857887719,True,6.970108857887681,50249.0,,disabled,,45.0,0.0,3.0,7402.7,59.77007447420321,True,0.0,0.0,True,no entry-veto points,0.0,True,standard,1.0,VALID_1DTE_ONLY,VALID_1DTE_ONLY,False,True,False,0DTE expired after 16:00:00,breakout_long_1dte,breakout_long_1dte,True,True,"0DTE expired after 16:00:00; 1DTE breakout context: 1DTE gamma/charm wall breakout acceptedWall=7450.00, gammaWall=7440.00, charmWall=7450.00, underlying=7443.00, callPut=0.9944, forwardDexRatio30m=0.9644, orderBookBullish=True, wallHL=Unknown, atm1DTE=7445.00, target1=7450.00, gammaWall1DTE=7440.00, charmWall1DTE=7450.00, forwardDEX30m1DTE=527425084",1.10,8,,,,,,,,,,,,,,,,,,,,,,,,,,,,,,,,,,,,,,True,disabled,2026-06-29T03:01:51.7390470Z,2.260953,7443.0,7445.0,68.95,-0.02900652647,7450.0,7.0,7511.95,68.95,7450.0,7.0,0.9944248281,0.9939232792,7.0,True,allowed,,,,True,allowed,,,,,,3.34014117441663,True,True,True,True,,,True,3,-19.25,138.25,31.5,00:02:22,11,True,3.949999999999818,-0.5500000000001819,2.3666666666666667,0.11666666666666667,False,False,0.36666666666666664,0.0,-0.5500000000001819,3.949999999999818,3.0,2.699999999999818,True,False,0.8666666666666667,0.36666666666666664,1.462962962962994,0.0,-0.5500000000001819,7.0,-0.5500000000001819,7.0,False,0.36666666666666664,0.36666666666666664,0.36666666666666664,0.6166666666666667,2.3666666666666667,,,3.949999999999818,-0.5500000000001819,3.949999999999818,-0.5500000000001819,3.949999999999818,-0.5500000000001819,3.949999999999818,-0.5500000000001819
39,40,2026-06-29T03:20:26+00:00,2026-06-29T03:49:51+00:00,2026-06-28T23:20:26.0000000,2026-06-28T23:49:51.0000000,35.0,7400.5,7401.7,7401.5,41.99999999999363,1765.0,29.416666666666668,2026-06-29T03:20:26+00:00,0.0,7400.15,7457.056113349463,60.92258945670834,37.18787753799407,-56.90611334946334,7459.75,7447.920805759256,0.09129246235491487,0.06119472321111138,True,True,True,1119.0,7463.75,4.0,1.53333333333333,0.26301071862124936,0.655071380883855,True,4.5,True,True,5.0,852.0,True,3.75,True,4.0,True,4.0,True,0.05945275712088847,True,11.829194240744053,True,True,395.0,7.722864604481193,11.829194240744053,True,11.829194240744073,55910.0,,disabled,,45.0,0.0,3.0,7403.2,84.38274791476906,True,1.35,0.0,True,no entry-veto points,0.0,True,standard,1.0,VALID_1DTE_ONLY,VALID_1DTE_ONLY,False,True,False,0DTE expired after 16:00:00,breakout_long_1dte,breakout_long_1dte,True,True,"0DTE expired after 16:00:00; 1DTE breakout context: 1DTE gamma/charm wall breakout acceptedWall=7450.00, gammaWall=7440.00, charmWall=7450.00, underlying=7443.25, callPut=0.9948, forwardDexRatio30m=0.9701, orderBookBullish=True, wallHL=Unknown, atm1DTE=7445.00, target1=7450.00, gammaWall1DTE=7440.00, charmWall1DTE=7450.00, forwardDEX30m1DTE=620145576",1.10,8,,,,,,,,,,,,,,,,,,,,,,,,,,,,,,,,,,,,,,True,disabled,2026-06-29T03:20:25.1746690Z,0.825331,7443.25,7445.0,68.675,-0.02548234438,7450.0,6.75,7511.925,68.675,7450.0,6.75,0.9948087904,0.994296845,6.75,True,allowed,,,,True,allowed,,,,,,2.6938866505369194,True,True,True,True,,,True,3,-323.75,78.75,402.5,00:29:25,129,True,1.949999999999818,-9.25,9.833333333333334,18.333333333333332,True,True,0.5833333333333334,1.949999999999818,-0.6499999999996362,1.25,3.0,2.699999999999818,False,False,,2.3333333333333335,0.7222222222222036,0.7222222222222036,-0.25,5.0,-0.25,5.0,False,0.5833333333333334,2.3333333333333335,2.5833333333333335,,,,,1.75,-0.6499999999996362,1.949999999999818,-4.050000000000182,1.949999999999818,-9.25,1.949999999999818,-9.25
41,42,2026-06-29T09:38:23+00:00,2026-06-29T10:01:41+00:00,2026-06-29T05:38:23.0000000,2026-06-29T06:01:41.0000000,35.0,7412.0,7413.0,7413.0,35.0,1398.0,23.3,2026-06-29T09:38:23+00:00,0.0,7411.75,7450.160254134507,73.0438391981001,29.942838131369786,-38.41025413450734,7465.0,7454.42307511615,0.0807893139831786,0.10866188114839946,True,True,True,1801.0,7466.25,1.25,0.05,0.9085091792503818,-0.23680026005115778,True,23.0,True,True,4.0,1201.0,True,26.0,True,21.25,True,1.25,False,-0.11644317859318529,True,10.576924883850086,True,True,601.0,-12.12311784519341,10.576924883850086,True,10.576924883849642,595997.0,,disabled,,48.0,0.0,6.0,7417.8,80.74262776267196,True,1.152368209037331,1.0,True,RSI 73.04 >= 70.00,0.0,True,standard,1.0,STALE_0DTE,STALE_0DTE,False,False,True,stale age=21203.28s max=600s,breakout_long_no_0dte,breakout_long_no_0dte,True,True,"STALE_0DTE routed fallback: stale age=21203.28s max=600s; no-0DTE configured profile: profile=breakout_long_no_0dte, distance=10.58, slope=0.0808, acceleration=0.1087, adx=29.94, rsi=73.04, structure=4, directionalEvidence=True",1,,,,,,,,,,,,,,,,,,,,,,,,,,,,,,,,,,,,,,,True,disabled,2026-06-29T03:44:59.7204400Z,21203.27956,7437.0,7435.0,66.65,0.03000750188,7450.0,13.0,7503.65,66.65,7440.0,3.0,0.9940149626,0.9935175868,3.0,True,allowed,,,,False,stale age=21203.28s max=600s,,,,,,14.839745865492674,True,True,True,True,,,True,9,-250.25,50.75,301.0,00:23:18,95,True,1.449999999999818,-7.149999999999636,23.3,13.633333333333333,False,True,0.38333333333333336,1.25,-7.149999999999636,1.449999999999818,6.0,5.800000000000182,False,False,,,0.2499999999999608,0.2155172413793036,-0.25,8.0,-0.25,8.0,False,0.6333333333333333,0.8833333333333333,,,,,,1.25,-1.25,1.25,-7.149999999999636,1.449999999999818,-7.149999999999636,1.449999999999818,-7.149999999999636
43,44,2026-06-29T12:23:26+00:00,2026-06-29T12:28:16+00:00,2026-06-29T08:23:26.0000000,2026-06-29T08:28:16.0000000,17.0,7421.2,7423.7,7423.7,42.5,290.0,4.833333333333333,2026-06-29T12:23:26+00:00,0.0,7420.95,7487.258410345141,51.0903382007792,43.260350601359804,-66.30841034514106,7486.75,7460.146267975171,0.07151401497483183,-0.01995323656132474,True,True,True,1632.0,7494.5,7.75,2.51666666666667,-7.1188869599189895,0.17635369577075607,True,0.5,True,True,4.0,1105.0,True,6.5,True,5.5,False,7.75,True,0.05708133395490128,True,26.603732024828567,True,True,571.0,26.105242056161572,26.603732024828567,True,26.603732024828787,969045.0,,disabled,,38.0,0.0,2.4,7423.4,78.58130516669229,True,1.0322947314829052,3.0,True,"ES pullback from high 7.75 >= 5.00; ES recent high rejection distance 7.75 >= 5.00, minutes 2.52 <= 15.00; RSI slope -7.1189 <= -2.0000",0.0,True,standard,0.5,VALID_0DTE,VALID_0DTE,True,False,False,valid 0DTE option strike map; option IV module disabled,charm_pin_pullback_long,charm_pin_pullback_long,True,True,"positive gamma/charm pin pullback: expectedMovePosition=-0.0150, netCharm30m=37056014, lowerFade=False, pullback=True, dynamicMaxVwapDistance=16.71",0.80,3,,,,,,,,,,,,,,,,,,,,,,,,,,,,,,,,,,,,,,True,disabled,2026-06-29T12:23:25.7936370Z,0.206363,7464.0,7465.0,66.825,-0.01496445941,7475.0,11.0,7530.825,66.825,7465.0,1.0,0.9642002577,0.9624116678,1.0,True,allowed,,,,True,allowed,,,,,,-0.508410345141212,True,True,True,True,,,True,12,-7.65,46.75,30.6,00:04:50,21,True,2.75,-0.4499999999998181,4.833333333333333,0.8333333333333334,False,False,1.5833333333333333,0.0,-0.4499999999998181,2.75,2.4,2.199999999999818,True,False,4.833333333333333,2.0833333333333335,1.2500000000001033,0.0,-0.25,5.0,-0.25,5.0,False,1.5833333333333333,1.8333333333333333,3.3333333333333335,4.583333333333333,,,,2.75,-0.4499999999998181,2.75,-0.4499999999998181,2.75,-0.4499999999998181,2.75,-0.4499999999998181
45,46,2026-06-29T12:38:15+00:00,2026-06-29T12:59:31+00:00,2026-06-29T08:38:15.0000000,2026-06-29T08:59:31.0000000,17.0,7419.0,7420.0,7420.0,17.0,1276.0,21.266666666666666,2026-06-29T12:38:15+00:00,0.0,7418.65,7491.013976408292,55.12408085213612,36.03688546600879,-72.36397640829273,7490.5,7460.9372663855665,0.042099019338814325,-0.029051809195278097,True,True,True,1676.0,7496.75,6.25,6.55,-1.544000441613484,-0.7517203249401737,True,2.5,True,True,4.0,1125.0,True,2.75,True,2.25,False,6.25,True,0.057992242367152724,True,29.562733614433235,True,True,561.0,27.622361634489753,29.562733614433235,True,29.562733614433455,994427.0,,disabled,,38.0,0.0,2.4,7421.1,80.31143269170909,True,1.128412927317172,2.0,True,"ES pullback from high 6.25 >= 5.00; ES recent high rejection distance 6.25 >= 5.00, minutes 6.55 <= 15.00",0.0,True,standard,0.5,VALID_0DTE,VALID_0DTE,True,False,False,valid 0DTE option strike map; option IV module disabled,charm_pin_pullback_long,charm_pin_pullback_long,True,True,"positive gamma/charm pin pullback: expectedMovePosition=0.0233, netCharm30m=34854626, lowerFade=False, pullback=True, dynamicMaxVwapDistance=16.11",0.80,3,,,,,,,,,,,,,,,,,,,,,,,,,,,,,,,,,,,,,,True,disabled,2026-06-29T12:38:11.8229020Z,3.177098,7461.5,7460.0,64.425,0.02328288708,7475.0,13.5,7525.925,64.425,7465.0,3.5,0.9630727763,0.960588884,3.5,True,allowed,,,,True,allowed,,,,,,-0.5139764082923836,True,True,True,True,,,True,12,-119.85,24.65,119.85,00:21:16,88,True,1.449999999999818,-6.75,21.266666666666666,4.016666666666667,False,False,17.766666666666666,0.0,-6.75,1.449999999999818,2.4,2.100000000000364,False,False,,21.266666666666666,0.6904761904759842,0.0,-0.5500000000001819,1.0,-0.5500000000001819,1.0,False,20.266666666666666,21.266666666666666,,,,,,0.0,-6.75,0.0,-6.75,1.449999999999818,-6.75,1.449999999999818,-6.75
47,48,2026-06-29T12:59:32+00:00,2026-06-29T13:11:46+00:00,2026-06-29T08:59:32.0000000,2026-06-29T09:11:46.0000000,17.0,7420.7,7421.7,7421.7,17.0,734.0,12.233333333333333,2026-06-29T12:59:32+00:00,0.0,7420.45,7494.5199788084,42.32928123609953,24.240773941149193,-74.06997880840026,7493.25,7461.8034290114865,0.03865174948664138,-0.010576602008204655,True,True,True,1558.0,7498.5,5.25,5.36666666666667,,,True,1.25,True,True,5.0,1003.0,True,0.75,True,2.5,True,5.25,True,0.0408282465963803,True,31.446570988513134,True,True,505.0,30.227658163850755,31.446570988513134,True,31.446570988513486,1020644.0,,disabled,,38.0,0.0,2.4,7422.9,69.03979552934544,True,0.5022108627414135,3.0,True,"ES pullback from high 5.25 >= 5.00; ES recent high rejection distance 5.25 >= 5.00, minutes 5.37 <= 15.00; RSI 42.33 <= 45.00",0.0,True,standard,0.5,VALID_0DTE,VALID_0DTE,True,False,False,valid 0DTE option strike map; option IV module disabled,charm_pin_pullback_long,charm_pin_pullback_long,True,True,"positive gamma/charm pin pullback: expectedMovePosition=-0.0297, netCharm30m=44804846, lowerFade=False, pullback=True, dynamicMaxVwapDistance=16.83",0.80,3,,,,,,,,,,,,,,,,,,,,,,,,,,,,,,,,,,,,,,True,disabled,2026-06-29T12:59:28.6348320Z,3.365168,7463.0,7465.0,67.325,-0.02970664686,7475.0,12.0,7530.325,67.325,7465.0,2.0,0.9657766388,0.9639815548,2.0,True,allowed,,,,True,allowed,,,,,,-1.269978808399686,True,True,True,True,,,True,12,-14.45,43.35,57.8,00:12:14,54,True,2.550000000000182,-0.8499999999994543,0.48333333333333334,7.483333333333333,True,True,0.48333333333333334,2.550000000000182,-0.25,1.25,2.4,2.199999999999818,True,True,0.48333333333333334,0.48333333333333334,1.1590909090910877,1.1590909090910877,-0.25,14.0,-0.25,14.0,False,0.48333333333333334,0.48333333333333334,0.48333333333333334,0.48333333333333334,,,,2.550000000000182,-0.25,2.550000000000182,-0.8499999999994543,2.550000000000182,-0.8499999999994543,2.550000000000182,-0.8499999999994543
49,50,2026-06-29T13:31:00+00:00,2026-06-29T13:31:06+00:00,2026-06-29T09:31:00.0000000,2026-06-29T09:31:06.0000000,17.0,7410.4,7412.8,7412.8,40.80000000000928,6.0,0.1,2026-06-29T13:31:00+00:00,0.0,7410.2,7493.758131325291,40.07228711506489,17.998786641160773,-83.55813132529147,7492.5,7462.937481200661,0.03494124975151212,0.004661962601817569,True,True,True,1494.0,7497.75,5.25,25.5166666666667,0.886608565994253,1.0382234232799017,True,1.25,True,True,3.0,977.0,False,-0.5,False,-1.0,True,3.25,True,0.033048076877872645,True,29.562518799339397,True,True,481.0,28.385812027487173,29.562518799339397,True,29.56251879933916,1057218.0,,disabled,,38.0,0.0,2.4,7412.6,55.38383171646221,True,0.0,5.0,True,ES structure score 3 <= 3; ES structure higher-low -0.50 < 0.25; ES structure higher-high -1.00 < 0.00; ADX 18.00 <= 18.00; RSI 40.07 <= 45.00,0.0,True,standard,0.5,VALID_0DTE,VALID_0DTE,True,False,False,valid 0DTE option strike map; option IV module disabled,charm_pin_pullback_long,charm_pin_pullback_long,True,True,"positive gamma/charm pin pullback: expectedMovePosition=0.0387, netCharm30m=1078315, lowerFade=False, pullback=True, dynamicMaxVwapDistance=16.14",0.80,3,,,,,,,,,,,,,,,,,,,,,,,,,,,,,,,,,,,,,,True,disabled,2026-06-29T13:30:55.7951150Z,4.204885,7452.5,7450.0,64.575,0.03871467286,7475.0,22.5,7517.075,64.575,7465.0,12.5,0.8516260163,0.8622871164,12.5,True,allowed,,,,True,allowed,,,,,,-1.2581313252911444,True,True,True,True,,,True,13,,40.8,8.5,00:00:06,3,True,2.4000000000005457,-0.1999999999998181,0.1,0.0,False,False,0.016666666666666666,0.0,-0.1999999999998181,2.4000000000005457,2.4,2.2000000000007276,True,False,0.1,0.016666666666666666,1.0909090909089783,0.0,1.6000000000003638,1.0,1.6000000000003638,1.0,True,0.016666666666666666,0.016666666666666666,0.016666666666666666,0.1,,,,2.4000000000005457,-0.1999999999998181,2.4000000000005457,-0.1999999999998181,2.4000000000005457,-0.1999999999998181,2.4000000000005457,-0.1999999999998181
51,52,2026-06-29T13:31:06+00:00,2026-06-29T13:31:31+00:00,2026-06-29T09:31:06.0000000,2026-06-29T09:31:31.0000000,17.0,7411.7,7414.1,7414.1,40.80000000000928,25.0,0.4166666666666667,2026-06-29T13:31:06+00:00,0.0,7411.5,7493.758131325291,40.07228711506489,17.998786641160773,-82.25813132529129,7493.75,7462.943444086448,0.0356996956448797,0.005627330886287114,True,True,True,1495.0,7497.75,4.0,25.6166666666667,0.886608565994253,1.0382234232799017,True,2.5,True,True,3.0,978.0,False,-0.5,False,-1.0,True,2.0,True,0.0332743630134091,True,30.806555913552426,True,True,483.0,28.385812027487173,30.806555913552426,True,30.806555913552074,1057427.0,,disabled,,38.0,0.0,2.4,7413.9,55.49759860046735,True,0.0,5.0,True,ES structure score 3 <= 3; ES structure higher-low -0.50 < 0.25; ES structure higher-high -1.00 < 0.00; ADX 18.00 <= 18.00; RSI 40.07 <= 45.00,0.0,True,standard,0.5,VALID_0DTE,VALID_0DTE,True,False,False,valid 0DTE option strike map; option IV module disabled,charm_pin_pullback_long,charm_pin_pullback_long,True,True,"positive gamma/charm pin pullback: expectedMovePosition=0.0075, netCharm30m=3031004, lowerFade=False, pullback=True, dynamicMaxVwapDistance=16.63",0.80,3,,,,,,,,,,,,,,,,,,,,,,,,,,,,,,,,,,,,,,True,disabled,2026-06-29T13:31:05.8069400Z,0.19306,7455.5,7455.0,66.525,0.007515971439,7475.0,19.5,7522.025,66.525,7465.0,9.5,0.8906856404,0.9032657835,9.5,True,allowed,,,,True,allowed,,,,,,-0.008131325291144404,True,True,True,True,,,True,13,-20.4,93.5,52.7,00:00:25,3,True,5.5,-0.1999999999998181,0.4166666666666667,0.0,False,False,0.4166666666666667,0.0,-0.1999999999998181,5.5,2.4,2.199999999999818,True,False,0.4166666666666667,0.4166666666666667,2.5000000000002065,0.0,-0.1999999999998181,10.0,-0.1999999999998181,10.0,False,0.4166666666666667,0.4166666666666667,0.4166666666666667,0.4166666666666667,0.4166666666666667,0.4166666666666667,0.4166666666666667,5.5,-0.1999999999998181,5.5,-0.1999999999998181,5.5,-0.1999999999998181,5.5,-0.1999999999998181
53,54,2026-06-29T13:31:31+00:00,2026-06-29T13:31:36+00:00,2026-06-29T09:31:31.0000000,2026-06-29T09:31:36.0000000,17.0,7417.4,7419.8,7419.8,40.80000000000928,5.0,0.08333333333333333,2026-06-29T13:31:31+00:00,0.0,7417.2,7493.758131325291,40.07228711506489,17.998786641160773,-76.55813132529147,7492.25,7462.952882122821,0.03536162011948266,0.006737585146474038,True,True,True,1490.0,7497.75,5.5,26.0333333333333,0.886608565994253,1.0382234232799017,True,1.0,True,True,3.0,975.0,False,-0.5,False,-1.0,True,3.5,True,0.033058314694636735,True,29.29711787717842,True,True,483.0,28.385812027487173,29.29711787717842,True,29.297117877178607,1057762.0,,disabled,,38.0,0.0,2.4,7419.6,55.44688727165779,True,0.0,5.0,True,ES structure score 3 <= 3; ES structure higher-low -0.50 < 0.25; ES structure higher-high -1.00 < 0.00; ADX 18.00 <= 18.00; RSI 40.07 <= 45.00,0.0,True,standard,0.5,VALID_0DTE,VALID_0DTE,True,False,False,valid 0DTE option strike map; option IV module disabled,charm_pin_pullback_long,charm_pin_pullback_long,True,True,"positive gamma/charm pin pullback: expectedMovePosition=0.0151, netCharm30m=4319378, lowerFade=False, pullback=True, dynamicMaxVwapDistance=16.60",0.80,3,,,,,,,,,,,,,,,,,,,,,,,,,,,,,,,,,,,,,,True,disabled,2026-06-29T13:31:30.8360640Z,0.163936,7456.0,7455.0,66.4,0.01506024096,7475.0,19.0,7522.4,66.4,7465.0,9.0,0.9226341239,0.9308444552,9.0,True,allowed,,,,True,allowed,,,,,,-1.5081313252911444,True,True,True,True,,,True,13,-3.4,40.8,3.4,00:00:05,3,True,2.4000000000005457,-0.1999999999998181,0.08333333333333333,0.0,False,False,0.08333333333333333,0.0,-0.1999999999998181,2.4000000000005457,2.4,2.2000000000007276,True,False,0.08333333333333333,0.08333333333333333,1.0909090909089783,0.0,-0.1999999999998181,1.0,-0.1999999999998181,1.0,False,0.08333333333333333,0.08333333333333333,0.08333333333333333,0.08333333333333333,,,,2.4000000000005457,-0.1999999999998181,2.4000000000005457,-0.1999999999998181,2.4000000000005457,-0.1999999999998181,2.4000000000005457,-0.1999999999998181
55,56,2026-06-29T13:31:36+00:00,2026-06-29T13:32:01+00:00,2026-06-29T09:31:36.0000000,2026-06-29T09:32:01.0000000,17.0,7419.9,7422.3,7422.3,40.80000000000928,25.0,0.4166666666666667,2026-06-29T13:31:36+00:00,0.0,7419.7,7493.758131325291,40.07228711506489,17.998786641160773,-74.05813132529147,7492.5,7462.953270824825,0.035348710959025836,0.006741466687906398,True,True,True,1490.0,7497.75,5.25,26.0833333333333,0.886608565994253,1.0382234232799017,True,1.25,True,True,3.0,975.0,False,-0.5,False,-1.0,True,3.25,True,0.03297511709297076,True,29.546729175175084,True,True,484.0,28.385812027487173,29.546729175175084,True,29.546729175174733,1057776.0,,disabled,,38.0,0.0,2.4,7422.1,55.44495089758927,True,0.0,5.0,True,ES structure score 3 <= 3; ES structure higher-low -0.50 < 0.25; ES structure higher-high -1.00 < 0.00; ADX 18.00 <= 18.00; RSI 40.07 <= 45.00,0.0,True,standard,0.5,VALID_0DTE,VALID_0DTE,True,False,False,valid 0DTE option strike map; option IV module disabled,charm_pin_pullback_long,charm_pin_pullback_long,True,True,"positive gamma/charm pin pullback: expectedMovePosition=0.0190, netCharm30m=9227735, lowerFade=False, pullback=True, dynamicMaxVwapDistance=16.44",0.80,3,,,,,,,,,,,,,,,,,,,,,,,,,,,,,,,,,,,,,,True,disabled,2026-06-29T13:31:35.8408700Z,0.15913,7461.25,7460.0,65.75,0.01901140684,7475.0,13.75,7527.0,65.75,7465.0,3.75,0.9549119631,0.9640064942,3.75,True,allowed,,,,True,allowed,,,,,,-1.2581313252911444,True,True,True,True,,,True,13,-40.8,40.8,49.3,00:00:25,3,True,2.4000000000005457,-1.7999999999992724,0.4166666666666667,0.18333333333333332,False,False,0.4166666666666667,0.0,-1.7999999999992724,2.4000000000005457,2.4,2.2000000000007276,True,False,0.4166666666666667,0.4166666666666667,1.0909090909089783,0.0,-1.7999999999992724,11.0,-1.7999999999992724,11.0,False,0.4166666666666667,0.4166666666666667,0.4166666666666667,0.4166666666666667,,,,2.4000000000005457,-1.7999999999992724,2.4000000000005457,-1.7999999999992724,2.4000000000005457,-1.7999999999992724,2.4000000000005457,-1.7999999999992724
57,58,2026-06-29T13:32:01+00:00,2026-06-29T13:32:36+00:00,2026-06-29T09:32:01.0000000,2026-06-29T09:32:36.0000000,17.0,7422.4,7424.8,7424.8,40.80000000000928,35.0,0.5833333333333334,2026-06-29T13:32:01+00:00,0.0,7422.2,7493.638309294311,40.07228711506489,18.40448460073335,-71.43830929431078,7492.75,7462.966019362429,0.03615226802900258,0.009858973474401046,True,True,True,1482.0,7497.75,5.0,26.5333333333333,0.4570878162525645,0.923270702148762,True,1.5,True,True,3.0,969.0,False,-0.5,False,-1.0,True,3.0,True,0.032655184317729305,True,29.78398063757105,True,True,481.0,28.385812027487173,29.78398063757105,True,29.783980637571403,1058235.0,,disabled,,38.0,0.0,2.4,7424.6,55.808903233829334,True,0.0,4.0,True,ES structure score 3 <= 3; ES structure higher-low -0.50 < 0.25; ES structure higher-high -1.00 < 0.00; RSI 40.07 <= 45.00,0.0,True,standard,0.5,VALID_0DTE,VALID_0DTE,True,False,False,valid 0DTE option strike map; option IV module disabled,charm_pin_pullback_long,charm_pin_pullback_long,True,True,"positive gamma/charm pin pullback: expectedMovePosition=0.0231, netCharm30m=11153802, lowerFade=False, pullback=True, dynamicMaxVwapDistance=16.22",0.80,3,,,,,,,,,,,,,,,,,,,,,,,,,,,,,,,,,,,,,,True,disabled,2026-06-29T13:32:00.8693520Z,0.130648,7461.5,7460.0,64.875,0.02312138728,7475.0,13.5,7526.375,64.875,7465.0,3.5,0.958688067,0.9668572843,3.5,True,allowed,,,,True,allowed,,,,,,-0.8883092943110354,True,True,True,True,,,True,13,-56.1,40.8,56.1,00:00:35,5,True,2.4000000000005457,-1.8999999999996362,0.5833333333333334,0.26666666666666666,False,False,0.5166666666666667,0.0,-1.8999999999996362,2.4000000000005457,2.4,2.2000000000007276,True,False,0.5833333333333334,0.5166666666666667,1.0909090909089783,0.0,-0.1999999999998181,1.0,-0.1999999999998181,1.0,False,0.5166666666666667,0.5166666666666667,0.5833333333333334,0.5833333333333334,,,,2.4000000000005457,-1.8999999999996362,2.4000000000005457,-1.8999999999996362,2.4000000000005457,-1.8999999999996362,2.4000000000005457,-1.8999999999996362
59,60,2026-06-29T13:32:36+00:00,2026-06-29T13:32:51+00:00,2026-06-29T09:32:36.0000000,2026-06-29T09:32:51.0000000,17.0,7424.9,7427.3,7427.3,40.80000000000928,15.0,0.25,2026-06-29T13:32:36+00:00,0.0,7424.7,7493.638309294311,40.07228711506489,18.40448460073335,-68.93830929431078,7493.25,7462.988996555345,0.03843901553271798,0.01413783245563538,True,True,True,1481.0,7497.75,4.5,27.1,0.4570878162525645,0.923270702148762,True,2.0,True,True,3.0,975.0,False,-0.5,False,-1.0,True,2.5,True,0.03327755532145945,True,30.26100344465512,True,True,484.0,28.385812027487173,30.26100344465512,True,30.261003444655216,1059032.0,,disabled,,38.0,0.0,2.4,7427.1,56.15191535938664,True,0.0,4.0,True,ES structure score 3 <= 3; ES structure higher-low -0.50 < 0.25; ES structure higher-high -1.00 < 0.00; RSI 40.07 <= 45.00,0.0,True,standard,0.5,VALID_0DTE,VALID_0DTE,True,False,False,valid 0DTE option strike map; option IV module disabled,charm_pin_pullback_long,charm_pin_pullback_long,True,True,"positive gamma/charm pin pullback: expectedMovePosition=0.0350, netCharm30m=26046740, lowerFade=False, pullback=True, dynamicMaxVwapDistance=16.09",0.80,3,,,,,,,,,,,,,,,,,,,,,,,,,,,,,,,,,,,,,,True,disabled,2026-06-29T13:32:35.9098010Z,0.090199,7467.25,7465.0,64.375,0.03495145631,7475.0,7.75,7531.625,64.375,,,0.9778988566,0.9786702065,,False,no_upside_call_volume_strike,,,,True,allowed,,,,,,-0.3883092943110354,True,True,True,True,,,True,13,-3.4,40.8,3.4,00:00:15,2,True,2.4000000000005457,-0.1999999999998181,0.25,0.0,False,False,0.18333333333333332,0.0,-0.1999999999998181,2.4000000000005457,2.4,2.2000000000007276,True,False,0.25,0.18333333333333332,1.0909090909089783,0.0,1.300000000000182,11.0,1.300000000000182,11.0,True,0.18333333333333332,0.18333333333333332,0.25,0.25,,,,2.4000000000005457,-0.1999999999998181,2.4000000000005457,-0.1999999999998181,2.4000000000005457,-0.1999999999998181,2.4000000000005457,-0.1999999999998181
61,62,2026-06-29T13:51:10+00:00,2026-06-29T13:53:26+00:00,2026-06-29T09:51:10.0000000,2026-06-29T09:53:26.0000000,17.0,7442.9,7445.3,7445.3,40.80000000000928,136.0,2.2666666666666666,2026-06-29T13:51:10+00:00,0.0,7442.7,7497.996229367186,51.23378575111737,18.896955470279334,-55.29622936718624,7497.75,7463.817326296219,0.03953748762236825,-0.015113303140419518,True,True,True,1497.0,7502.0,4.25,4.98333333333333,-5.261662344104265,0.17357642925253616,True,1.0,True,True,5.0,1014.0,True,4.75,True,2.75,True,4.25,True,0.043523764747523834,True,33.9326737037809,True,True,521.0,33.38727822311383,33.9326737037809,True,33.93267370378089,1084346.0,,disabled,,38.0,0.0,2.4,7445.1,71.30906787619325,True,0.6282815486774033,1.0,True,RSI slope -5.2617 <= -2.0000,0.0,True,standard,0.5,VALID_0DTE,VALID_0DTE,True,False,False,valid 0DTE option strike map; option IV module disabled,charm_pin_pullback_long,charm_pin_pullback_long,True,True,"positive gamma/charm pin pullback: expectedMovePosition=0.0320, netCharm30m=30358505, lowerFade=False, pullback=True, dynamicMaxVwapDistance=15.63",0.80,3,,,,,,,,,,,,,,,,,,,,,,,,,,,,,,,,,,,,,,True,disabled,2026-06-29T13:51:08.6238790Z,1.376121,7487.0,7485.0,62.525,0.03198720512,7500.0,13.0,7549.525,62.525,7500.0,13.0,0.9401371856,0.9591292495,13.0,True,allowed,,,,True,allowed,,,,,,-0.246229367185754,True,True,True,True,,,True,13,-15.3,40.8,28.9,00:02:16,10,True,2.4000000000005457,-0.8999999999996362,2.2666666666666666,1.8666666666666667,False,True,0.11666666666666667,0.6000000000003638,-0.8999999999996362,2.4000000000005457,2.4,2.2000000000007276,True,False,2.2666666666666666,2.1166666666666667,1.0909090909089783,0.27272727272734787,0.6000000000003638,7.0,0.6000000000003638,7.0,True,0.11666666666666667,2.1166666666666667,2.2666666666666666,2.2666666666666666,,,,2.4000000000005457,-0.8999999999996362,2.4000000000005457,-0.8999999999996362,2.4000000000005457,-0.8999999999996362,2.4000000000005457,-0.8999999999996362
63,64,2026-06-29T14:30:11+00:00,2026-06-29T14:30:21+00:00,2026-06-29T10:30:11.0000000,2026-06-29T10:30:21.0000000,17.0,7407.2,7409.6,7409.6,40.80000000000928,10.0,0.16666666666666666,2026-06-29T14:30:11+00:00,0.0,7407.0,7497.808709076017,51.32425311342976,17.392330503298982,-90.8087090760173,7496.5,7465.39728164032,0.042255924166899085,-0.006219295117658976,True,True,True,1561.0,7500.5,4.0,5.96666666666667,-2.0277820634819568,0.15413989652130497,True,0.0,True,True,5.0,1054.0,True,3.5,True,2.75,True,4.0,True,0.04195496249590291,True,31.102718359679766,True,True,529.0,31.102718359679766,31.102718359679766,True,31.102718359679784,1138168.0,,disabled,,38.0,0.0,2.4,7409.4,66.8683387950721,True,0.3815743775040061,2.0,True,RSI slope -2.0278 <= -2.0000; ADX 17.39 <= 18.00,0.0,True,standard,0.5,VALID_0DTE,VALID_0DTE,True,False,False,valid 0DTE option strike map; option IV module disabled,charm_pin_pullback_long,charm_pin_pullback_long,True,True,"positive gamma/charm pin pullback: expectedMovePosition=0.0080, netCharm30m=612897900, lowerFade=False, pullback=True, dynamicMaxVwapDistance=15.58",0.80,3,,,,,,,,,,,,,,,,,,,,,,,,,,,,,,,,,,,,,,True,disabled,2026-06-29T14:30:08.1108590Z,2.889141,7450.5,7450.0,62.325,0.008022462896,7475.0,24.5,7512.825,62.325,,,0.7122574862,0.6437194035,,False,no_upside_call_volume_strike,,,,True,allowed,,,,,,-1.3087090760174385,True,True,True,True,,,True,14,-3.4,40.8,3.4,00:00:10,2,True,2.4000000000005457,-0.1999999999998181,0.16666666666666666,0.0,False,False,0.16666666666666666,0.0,-0.1999999999998181,2.4000000000005457,2.4,2.199999999999818,True,False,0.16666666666666666,0.16666666666666666,1.0909090909094292,0.0,0.0,6.0,2.4000000000005457,10.0,True,0.16666666666666666,0.16666666666666666,0.16666666666666666,0.16666666666666666,,,,2.4000000000005457,-0.1999999999998181,2.4000000000005457,-0.1999999999998181,2.4000000000005457,-0.1999999999998181,2.4000000000005457,-0.1999999999998181
65,66,2026-06-29T14:30:23+00:00,2026-06-29T14:30:56+00:00,2026-06-29T10:30:23.0000000,2026-06-29T10:30:56.0000000,17.0,7409.7,7412.1,7412.1,40.80000000000928,33.0,0.55,2026-06-29T14:30:23+00:00,0.0,7409.5,7497.808709076017,51.32425311342976,17.392330503298982,-88.3087090760173,7496.25,7465.4107308779285,0.04175269532284815,-0.008404424395519588,True,True,True,1562.0,7500.5,4.25,6.16666666666667,-2.0277820634819568,0.15413989652130497,True,0.0,True,True,5.0,1055.0,True,3.25,True,3.0,True,4.25,True,0.04215226210758623,True,30.839269122071773,True,True,530.0,30.839269122071773,30.839269122071773,True,30.839269122071528,1138658.0,,disabled,,38.0,0.0,2.4,7411.9,66.79285446846447,True,0.37738080380358163,2.0,True,RSI slope -2.0278 <= -2.0000; ADX 17.39 <= 18.00,0.0,True,standard,0.5,VALID_0DTE,VALID_0DTE,True,False,False,valid 0DTE option strike map; option IV module disabled,charm_pin_pullback_long,charm_pin_pullback_long,True,True,"positive gamma/charm pin pullback: expectedMovePosition=0.0080, netCharm30m=614348970, lowerFade=False, pullback=True, dynamicMaxVwapDistance=15.59",0.80,3,,,,,,,,,,,,,,,,,,,,,,,,,,,,,,,,,,,,,,True,disabled,2026-06-29T14:30:18.1205920Z,4.879408,7450.5,7450.0,62.375,0.008016032064,7475.0,24.5,7512.875,62.375,,,0.7124336764,0.6465436781,,False,no_upside_call_volume_strike,,,,True,allowed,,,,,,-1.5587090760174385,True,True,True,True,,,True,14,-34.0,47.6,34.0,00:00:33,3,True,2.4000000000005457,-0.6999999999998181,0.55,0.15,False,False,0.55,0.0,-0.6999999999998181,2.4000000000005457,2.4,2.199999999999818,True,False,0.55,0.55,1.0909090909094292,0.0,-0.6999999999998181,9.0,-0.6999999999998181,9.0,False,0.55,0.55,0.55,0.55,,,,2.4000000000005457,-0.6999999999998181,2.4000000000005457,-0.6999999999998181,2.4000000000005457,-0.6999999999998181,2.4000000000005457,-0.6999999999998181
67,68,2026-06-29T14:31:29+00:00,2026-06-29T14:33:21+00:00,2026-06-29T10:31:29.0000000,2026-06-29T10:33:21.0000000,17.0,7412.2,7414.6,7414.6,40.80000000000928,112.0,1.8666666666666667,2026-06-29T14:31:29+00:00,0.0,7412.0,7497.6840701163965,41.003968187036136,16.67851933515835,-85.68407011639647,7495.75,7465.457948994061,0.04189251139934256,-0.00807087060195344,True,True,True,1570.0,7500.5,4.75,7.26666666666667,-3.691354993313508,-0.07279409718012654,True,0.0,True,True,5.0,1070.0,True,2.75,True,2.0,True,4.75,True,0.042675134229022534,True,30.292051005939264,True,True,539.0,30.292051005939264,30.292051005939264,True,30.292051005939356,1140377.0,,disabled,,38.0,0.0,2.4,7414.4,60.19336922321808,True,0.010742734623226436,3.0,True,RSI slope -3.6914 <= -2.0000; ADX 16.68 <= 18.00; RSI 41.00 <= 45.00,0.0,True,standard,0.5,VALID_0DTE,VALID_0DTE,True,False,False,valid 0DTE option strike map; option IV module disabled,charm_pin_pullback_long,charm_pin_pullback_long,True,True,"positive gamma/charm pin pullback: expectedMovePosition=0.0818, netCharm30m=781869963, lowerFade=False, pullback=True, dynamicMaxVwapDistance=14.52",0.80,3,,,,,,,,,,,,,,,,,,,,,,,,,,,,,,,,,,,,,,True,disabled,2026-06-29T14:31:28.1934140Z,0.806586,7454.75,7450.0,58.075,0.08179078777,7475.0,20.25,7512.825,58.075,,,0.7171675331,0.6607144092,,False,no_upside_call_volume_strike,,,,True,allowed,,,,,,-1.93407011639673,True,True,True,True,,,True,14,-76.5,59.5,102.0,00:01:52,9,True,2.4000000000005457,-3.699999999999818,1.8666666666666667,1.05,False,True,0.05,1.0,-3.699999999999818,2.4000000000005457,2.4,2.199999999999818,True,False,1.8666666666666667,1.8666666666666667,1.0909090909094292,0.4545454545454921,0.3000000000001819,3.0,0.3000000000001819,3.0,True,0.55,0.55,1.8666666666666667,1.8666666666666667,,,,2.4000000000005457,-3.699999999999818,2.4000000000005457,-3.699999999999818,2.4000000000005457,-3.699999999999818,2.4000000000005457,-3.699999999999818
69,70,2026-06-29T14:36:00+00:00,2026-06-29T14:38:16+00:00,2026-06-29T10:36:00.0000000,2026-06-29T10:38:16.0000000,17.0,7420.2,7422.6,7422.6,40.80000000000928,136.0,2.2666666666666666,2026-06-29T14:36:00+00:00,0.0,7420.0,7496.642673707418,40.06690970307093,16.80770846812886,-76.642673707418,7495.25,7465.635814376341,0.03861024923036428,-0.004935474944681935,True,True,True,1574.0,7500.5,5.25,11.7833333333333,-0.18741169679304145,0.02583782659410229,True,1.75,True,True,4.0,1078.0,True,0.5,False,-0.75,True,4.5,True,0.0430306427309142,True,29.614185623658745,True,True,537.0,27.93337927690211,29.614185623658745,True,29.61418562365907,1147246.0,,disabled,,38.0,0.0,2.4,7422.4,59.216308287274515,True,0.0,4.0,True,"ES structure higher-high -0.75 < 0.00; ES recent high rejection distance 5.25 >= 5.00, minutes 11.78 <= 15.00; ADX 16.81 <= 18.00; RSI 40.07 <= 45.00",0.0,True,standard,0.5,VALID_0DTE,VALID_0DTE,True,False,False,valid 0DTE option strike map; option IV module disabled,charm_pin_pullback_long,charm_pin_pullback_long,True,True,"positive gamma/charm pin pullback: expectedMovePosition=-0.0196, netCharm30m=213129486, lowerFade=False, pullback=True, dynamicMaxVwapDistance=15.97",0.80,3,,,,,,,,,,,,,,,,,,,,,,,,,,,,,,,,,,,,,,True,disabled,2026-06-29T14:35:59.3511610Z,0.648839,7463.75,7465.0,63.875,-0.01956947162,7475.0,11.25,7527.625,63.875,7465.0,1.25,0.9469556706,0.9422766784,1.25,True,allowed,,,,True,allowed,,,,,,-1.392673707418065,True,True,True,True,,,True,14,-88.4,47.6,96.9,00:02:16,10,True,2.4000000000005457,-5.199999999999818,2.2666666666666666,1.5333333333333334,False,True,0.5333333333333333,0.5,-5.199999999999818,2.4000000000005457,2.4,2.199999999999818,True,False,2.2666666666666666,2.2666666666666666,1.0909090909094292,0.22727272727274606,-0.5,2.0,-0.5,2.0,False,0.5333333333333333,2.2666666666666666,2.2666666666666666,2.2666666666666666,,,,2.4000000000005457,-5.199999999999818,2.4000000000005457,-5.199999999999818,2.4000000000005457,-5.199999999999818,2.4000000000005457,-5.199999999999818
71,72,2026-06-29T15:00:06+00:00,2026-06-29T15:30:01+00:00,2026-06-29T11:00:06.0000000,2026-06-29T11:30:01.0000000,17.0,7423.4,7424.4,7424.4,17.0,1795.0,29.916666666666668,2026-06-29T15:00:06+00:00,0.0,7423.2,7494.979174812644,57.64021709275157,20.35372256032578,-71.77917481264376,7493.75,7469.208441095572,0.5038544049329365,0.4205622484593097,True,True,True,1647.0,7504.75,11.0,0.433333333333333,4.379631729615252,1.5809336144814052,True,2.0,True,True,3.0,1140.0,False,-1.75,True,6.25,False,11.0,True,0.17295585408064543,True,24.541558904428,True,True,590.0,24.541558904428,24.541558904428,True,24.541558904427802,1290650.0,,disabled,,38.0,0.0,2.4,7425.6,74.09636379184641,True,0.7831313217692449,4.0,True,"ES structure score 3 <= 3; ES structure higher-low -1.75 < 0.25; ES pullback from high 11.00 >= 5.00; ES recent high rejection distance 11.00 >= 5.00, minutes 0.43 <= 15.00",0.0,True,standard,0.5,VALID_0DTE,VALID_0DTE,True,False,False,valid 0DTE option strike map; option IV module disabled,charm_pin_pullback_long,charm_pin_pullback_long,True,True,"positive gamma/charm pin pullback: expectedMovePosition=-0.0196, netCharm30m=506506540, lowerFade=False, pullback=True, dynamicMaxVwapDistance=15.91",0.80,3,,,,,,,,,,,,,,,,,,,,,,,,,,,,,,,,,,,,,,True,disabled,2026-06-29T15:00:02.2031550Z,3.796845,7468.75,7470.0,63.625,-0.01964636542,7475.0,6.25,7532.375,63.625,7470.0,1.25,0.9465006492,0.9403159518,1.25,True,allowed,,,,True,allowed,,,,,,-1.2291748126434752,True,True,True,True,,,True,15,-202.3,30.6,232.9,00:29:55,121,True,1.800000000000182,-11.399999999999636,0.18333333333333332,25.183333333333334,True,True,0.18333333333333332,1.800000000000182,-0.1999999999998181,1.6000000000003638,2.4,2.2000000000007276,False,False,,0.18333333333333332,0.8181818181816303,0.8181818181816303,1.800000000000182,11.0,1.800000000000182,11.0,True,0.18333333333333332,0.18333333333333332,0.18333333333333332,,,,,1.800000000000182,-5.199999999999818,1.800000000000182,-11.199999999999818,1.800000000000182,-11.399999999999636,1.800000000000182,-11.399999999999636
73,74,2026-06-29T15:30:02+00:00,2026-06-29T15:41:56+00:00,2026-06-29T11:30:02.0000000,2026-06-29T11:41:56.0000000,17.0,7425.2,7427.6,7427.6,40.80000000000928,714.0,11.9,2026-06-29T15:30:02+00:00,0.0,7425.0,7497.558419158128,46.345450944937895,29.342884294172677,-72.55841915812834,7497.5,7469.888503558733,0.0054132991188937385,-0.0019481965998368843,True,True,True,1169.0,7499.75,2.25,5.28333333333333,,,True,0.5,True,True,5.0,619.0,True,1.75,True,1.25,True,2.25,True,0.010414429639467569,True,27.611496441267708,True,True,257.0,27.111642135311037,27.611496441267708,True,27.611496441267263,1324910.0,,disabled,,38.0,0.0,2.4,7427.4,65.5249960113004,True,0.3069442228500224,0.0,True,no entry-veto points,0.0,True,standard,0.5,VALID_0DTE,VALID_0DTE,True,False,False,valid 0DTE option strike map; option IV module disabled,charm_pin_pullback_long,charm_pin_pullback_long,True,True,"positive gamma/charm pin pullback: expectedMovePosition=0.0334, netCharm30m=652591561, lowerFade=False, pullback=True, dynamicMaxVwapDistance=14.96",0.80,3,,,,,,,,,,,,,,,,,,,,,,,,,,,,,,,,,,,,,,True,disabled,2026-06-29T15:29:57.8034180Z,4.196582,7467.0,7465.0,59.825,0.03343083995,7475.0,8.0,7526.825,59.825,7470.0,3.0,0.942140808,0.934029202,3.0,True,allowed,,,,True,allowed,,,,,,-0.05841915812841266,True,True,True,True,,,True,15,-113.9,42.5,127.5,00:11:54,49,True,2.4000000000005457,-6.699999999999818,11.9,5.266666666666667,False,True,0.5166666666666667,0.3000000000001819,-6.699999999999818,2.4000000000005457,2.4,2.199999999999818,True,False,11.9,8.266666666666667,1.0909090909094292,0.1363636363637303,-0.1999999999998181,1.0,-0.1999999999998181,1.0,False,8.266666666666667,8.266666666666667,8.266666666666667,8.266666666666667,,,,0.3000000000001819,-3.0,2.4000000000005457,-6.699999999999818,2.4000000000005457,-6.699999999999818,2.4000000000005457,-6.699999999999818
75,76,2026-06-29T15:50:11+00:00,2026-06-29T15:55:41+00:00,2026-06-29T11:50:11.0000000,2026-06-29T11:55:41.0000000,17.0,7426.7,7429.1,7429.1,40.80000000000928,330.0,5.5,2026-06-29T15:50:11+00:00,0.0,7426.5,7494.045208568071,39.57272360934766,30.313759878253027,-67.54520856807085,7493.75,7469.964092108808,0.004244855492625233,0.001573330280012767,True,True,True,671.0,7499.75,6.0,25.45,0.7467217728755015,0.5157753258122095,True,2.5,True,True,3.0,413.0,False,-1.5,False,-3.0,True,0.25,True,0.0037250924748632066,True,23.7859078911927,True,True,214.0,21.296989417854004,23.7859078911927,True,23.785907891192437,1329102.0,,disabled,,38.0,0.0,2.4,7428.9,57.8686184164542,True,0.0,4.0,True,ES structure score 3 <= 3; ES structure higher-low -1.50 < 0.25; ES structure higher-high -3.00 < 0.00; RSI 39.57 <= 45.00,0.0,True,standard,0.5,VALID_0DTE,VALID_0DTE,True,False,False,valid 0DTE option strike map; option IV module disabled,charm_pin_pullback_long,charm_pin_pullback_long,True,True,"positive gamma/charm pin pullback: expectedMovePosition=0.0041, netCharm30m=1026745919, lowerFade=False, pullback=True, dynamicMaxVwapDistance=15.38",0.80,3,,,,,,,,,,,,,,,,,,,,,,,,,,,,,,,,,,,,,,True,disabled,2026-06-29T15:50:06.5662550Z,4.433745,7470.25,7470.0,61.525,0.004063388866,7475.0,4.75,7531.775,61.525,7475.0,4.75,0.9367474742,0.9288837007,4.75,True,allowed,,,,True,allowed,,,,,,-0.2952085680706036,True,True,True,True,,,True,15,-35.7,42.5,59.5,00:05:30,23,True,2.4000000000005457,-2.0999999999994543,5.5,4.116666666666666,False,True,0.6166666666666667,1.0,-2.0999999999994543,2.4000000000005457,2.4,2.199999999999818,True,False,5.366666666666666,5.366666666666666,1.0909090909094292,0.4545454545454921,-0.5,7.0,-0.5,7.0,False,0.8666666666666667,0.8666666666666667,5.366666666666666,5.366666666666666,,,,1.0,-2.0999999999994543,2.4000000000005457,-2.0999999999994543,2.4000000000005457,-2.0999999999994543,2.4000000000005457,-2.0999999999994543
77,78,2026-06-29T18:39:58+00:00,2026-06-29T18:45:06+00:00,2026-06-29T14:39:58.0000000,2026-06-29T14:45:06.0000000,17.0,7456.5,7458.9,7458.9,40.799999999993815,308.0,5.133333333333334,2026-06-29T18:39:58+00:00,0.0,7456.3,7496.909273693226,53.9435143603913,18.93991168407682,-40.60927369322599,7496.75,7470.153824143384,0.0009235850660668108,-0.0004892163092122711,True,True,True,324.0,7498.75,2.0,29.6833333333333,-2.5034230979315577,0.07946677431922175,True,1.75,True,True,4.0,193.0,False,-0.25,True,1.25,True,1.75,True,0.0008519126934182806,True,26.59617585661618,True,True,115.0,24.857192419785875,26.59617585661618,True,26.596175856616355,1339398.0,,disabled,,38.0,0.0,2.4,7458.7,63.16859338659089,True,0.17603296592171627,2.0,True,ES structure higher-low -0.25 < 0.25; RSI slope -2.5034 <= -2.0000,0.0,True,standard,0.5,VALID_0DTE,VALID_0DTE,True,False,False,valid 0DTE option strike map; option IV module disabled,charm_pin_pullback_long,charm_pin_pullback_long,True,True,"positive gamma/charm pin pullback: expectedMovePosition=-0.0353, netCharm30m=2273148368, lowerFade=False, pullback=True, dynamicMaxVwapDistance=15.94",0.80,3,,,,,,,,,,,,,,,,,,,,,,,,,,,,,,,,,,,,,,True,disabled,2026-06-29T18:39:53.3526590Z,4.647341,7497.75,7500.0,63.775,-0.03528028224,7500.0,2.25,7561.525,63.775,7500.0,2.25,0.9258699073,0.9420049975,2.25,True,allowed,,,,True,allowed,,,,,,-0.15927369322607138,True,True,True,True,,,True,18,-17.0,42.5,22.1,00:05:08,22,True,2.399999999999636,-1.0,5.133333333333334,1.8333333333333333,False,True,0.5833333333333334,0.3000000000001819,-1.0,2.399999999999636,2.4,2.199999999999818,True,False,4.083333333333333,4.083333333333333,1.0909090909090158,0.1363636363637303,-0.5,5.0,-0.5,5.0,False,3.0833333333333335,4.083333333333333,4.083333333333333,4.083333333333333,,,,2.300000000000182,-1.0,2.399999999999636,-1.0,2.399999999999636,-1.0,2.399999999999636,-1.0
79,80,2026-06-29T18:58:52+00:00,2026-06-29T19:07:36+00:00,2026-06-29T14:58:52.0000000,2026-06-29T15:07:36.0000000,17.0,7455.0,7457.4,7457.4,40.799999999993815,524.0,8.733333333333333,2026-06-29T18:58:52+00:00,0.0,7454.8,7494.619852409881,55.379633200546834,21.170200116254648,-39.819852409880696,7494.5,7470.179061676095,0.0010077505524204696,-0.00028483978580641386,True,True,True,493.0,7498.5,4.0,24.5833333333333,5.49427171997314,-0.37919619891078016,True,2.75,True,True,3.0,373.0,False,-1.25,False,-1.75,True,1.25,True,0.0013129549859498557,True,24.320938323904848,True,True,185.0,21.576125901993507,24.320938323904848,True,24.320938323904556,1340795.0,,disabled,,38.0,0.0,2.4,7457.2,61.38106257294396,True,0.07672569849688672,3.0,True,ES structure score 3 <= 3; ES structure higher-low -1.25 < 0.25; ES structure higher-high -1.75 < 0.00,0.0,True,standard,0.5,VALID_0DTE,VALID_0DTE,True,False,False,valid 0DTE option strike map; option IV module disabled,charm_pin_pullback_long,charm_pin_pullback_long,True,True,"positive gamma/charm pin pullback: expectedMovePosition=0.0250, netCharm30m=3046224410, lowerFade=False, pullback=True, dynamicMaxVwapDistance=14.99",0.80,3,,,,,,,,,,,,,,,,,,,,,,,,,,,,,,,,,,,,,,True,disabled,2026-06-29T18:58:51.8719400Z,0.12806,7496.5,7495.0,59.975,0.02501042101,7500.0,3.5,7556.475,59.975,7500.0,3.5,0.9240164631,0.9392686728,3.5,True,allowed,,,,True,allowed,,,,,,-0.11985240988121461,True,True,True,True,,,True,18,-28.9,42.5,71.4,00:08:44,36,True,2.399999999999636,-1.0,8.733333333333333,3.683333333333333,False,True,1.1833333333333333,2.0,-1.0,2.399999999999636,2.4,2.199999999999818,True,False,8.683333333333334,2.433333333333333,1.0909090909090158,0.9090909090909842,-0.1999999999998181,11.0,-0.1999999999998181,11.0,False,1.1833333333333333,1.1833333333333333,2.433333333333333,2.683333333333333,,,,2.0,-1.0,2.399999999999636,-1.0,2.399999999999636,-1.0,2.399999999999636,-1.0
81,82,2026-06-29T19:20:26+00:00,2026-06-29T19:23:16+00:00,2026-06-29T15:20:26.0000000,2026-06-29T15:23:16.0000000,17.0,7455.5,7457.9,7457.9,40.799999999993815,170.0,2.8333333333333335,2026-06-29T19:20:26+00:00,0.0,7455.3,7497.709674568517,52.76297718960419,26.333754762875323,-42.40967456851649,7497.5,7470.249274560255,0.0024896752529856296,-0.0004016619717273388,True,True,True,995.0,7501.0,3.5,2.56666666666667,-2.0731622130045846,-0.17652351345627088,True,2.0,True,True,5.0,803.0,True,4.25,True,0.75,True,3.5,True,0.003202047863775234,True,27.250725439745544,True,True,374.0,25.27750781954406,27.250725439745544,True,27.25072543974511,1344357.0,,disabled,,38.0,0.0,2.4,7457.7,71.13149045943555,True,0.6184161366353085,1.0,True,RSI slope -2.0732 <= -2.0000,0.0,True,standard,0.5,VALID_0DTE,VALID_0DTE,True,False,False,valid 0DTE option strike map; option IV module disabled,charm_pin_pullback_long,charm_pin_pullback_long,True,True,"positive gamma/charm pin pullback: expectedMovePosition=0.0254, netCharm30m=5156206583, lowerFade=False, pullback=True, dynamicMaxVwapDistance=14.75",0.80,3,,,,,,,,,,,,,,,,,,,,,,,,,,,,,,,,,,,,,,True,disabled,2026-06-29T19:20:25.7550900Z,0.24491,7496.5,7495.0,59.0,0.02542372881,7500.0,3.5,7555.5,59.0,7500.0,3.5,0.9009457017,0.9293142586,3.5,True,allowed,,,,True,allowed,,,,,,-0.20967456851698008,True,True,True,True,,,True,19,-3.4,42.5,17.0,00:02:50,12,True,2.399999999999636,-0.1999999999998181,2.8333333333333335,0.0,False,False,0.36666666666666664,0.0,-0.1999999999998181,2.399999999999636,2.4,2.199999999999818,True,False,2.8333333333333335,1.6166666666666667,1.0909090909090158,0.0,-0.1999999999998181,7.0,-0.1999999999998181,7.0,False,0.6166666666666667,1.6166666666666667,1.8666666666666667,2.6166666666666667,,,,2.399999999999636,-0.1999999999998181,2.399999999999636,-0.1999999999998181,2.399999999999636,-0.1999999999998181,2.399999999999636,-0.1999999999998181
83,84,2026-06-29T19:25:07+00:00,2026-06-29T19:59:01+00:00,2026-06-29T15:25:07.0000000,2026-06-29T15:59:01.0000000,17.0,7458.0,7459.0,7459.0,17.0,2034.0,33.9,2026-06-29T19:25:07+00:00,0.0,7457.8,7497.074161973328,43.517514444746055,20.51615607711347,-39.274161973327864,7496.5,7470.262157181858,0.0026590206752229797,1.0384025913168149e-05,True,True,True,1096.0,7501.0,4.5,7.25,-1.849092548971628,-1.1635197371523702,True,2.25,True,True,4.0,790.0,False,-1.0,True,0.25,True,4.5,True,0.003104466821091221,True,26.237842818142077,True,True,379.0,23.989616033203117,26.237842818142077,True,26.23784281814187,1345028.0,,disabled,,38.0,0.0,2.4,7460.2,58.11905541439916,True,0.0,3.0,True,ES structure higher-low -1.00 < 0.25; ADX slope -1.1635 <= -1.0000; RSI 43.52 <= 45.00,0.0,True,standard,0.5,VALID_0DTE,VALID_0DTE,True,False,False,valid 0DTE option strike map; option IV module disabled,charm_pin_pullback_long,charm_pin_pullback_long,True,True,"positive gamma/charm pin pullback: expectedMovePosition=-0.0162, netCharm30m=6612352451, lowerFade=False, pullback=True, dynamicMaxVwapDistance=15.44",0.80,3,,,,,,,,,,,,,,,,,,,,,,,,,,,,,,,,,,,,,,True,disabled,2026-06-29T19:25:06.5399930Z,0.460007,7499.0,7500.0,61.75,-0.01619433198,7500.0,1.0,7560.75,61.75,7500.0,1.0,0.90118286,0.9294324081,1.0,True,allowed,,,,True,allowed,,,,,,-0.5741619733278697,True,True,True,True,,,True,19,-130.9,39.1,130.9,00:33:54,137,True,2.300000000000182,-7.699999999999818,33.9,27.933333333333334,False,False,33.9,0.0,-7.699999999999818,2.300000000000182,2.4,2.199999999999818,True,False,33.9,33.9,1.0454545454547146,0.0,-1.0,11.0,-1.0,11.0,False,33.9,33.9,33.9,33.9,,,,0.0,-2.0,0.0,-6.0,0.0,-7.699999999999818,2.300000000000182,-7.699999999999818
85,86,2026-06-29T22:37:43+00:00,2026-06-29T22:43:31+00:00,2026-06-29T18:37:43.0000000,2026-06-29T18:43:31.0000000,35.0,7450.2,7453.3,7453.3,108.50000000001273,348.0,5.8,2026-06-29T22:37:43+00:00,0.0,7449.85,7496.699294624706,78.26043488914391,24.53789997688787,-46.84929462470609,7502.0,7495.97571942446,0.3545236125774116,0.24681018762812768,True,True,True,638.0,7502.25,0.25,0.4,4.605634622570018,1.4678341475416965,True,7.5,True,True,5.0,463.0,True,0.75,True,5.75,True,0.25,True,0.16323846984395074,True,6.024280575539568,True,True,254.0,0.8432749884845693,6.024280575539568,True,6.024280575539706,3892.0,,disabled,,45.0,0.0,3.0,7452.9,74.14702056167229,True,0.7859455867595717,1.0,True,RSI 78.26 >= 70.00,0.0,True,standard,1.0,VALID_1DTE_ONLY,VALID_1DTE_ONLY,False,True,False,0DTE expired after 16:00:00,breakout_long_1dte,breakout_long_1dte,True,True,"0DTE expired after 16:00:00; 1DTE breakout context: 1DTE gamma/charm wall breakout acceptedWall=7500.00, gammaWall=7500.00, charmWall=7500.00, underlying=7492.25, callPut=0.8550, forwardDexRatio30m=0.4267, orderBookBullish=True, wallHL=Unknown, atm1DTE=7490.00, target1=7500.00, gammaWall1DTE=7500.00, charmWall1DTE=7500.00, forwardDEX30m1DTE=4158824176",1.10,8,,,,,,,,,,,,,,,,,,,,,,,,,,,,,,,,,,,,,,True,disabled,2026-06-29T22:37:39.8688770Z,3.131123,7492.25,7490.0,136.45,0.01648955661,7500.0,7.75,7628.7,136.45,7500.0,7.75,0.8549872883,0.8614547655,7.75,True,allowed,,,,True,allowed,,,,,,5.300705375293614,True,True,True,True,,,True,22,-12.25,120.75,17.5,00:05:48,25,True,3.449999999999818,-0.3499999999994543,5.8,0.0,False,False,0.55,0.0,-0.3499999999994543,3.449999999999818,3.0,2.699999999999818,True,False,4.55,3.55,1.2777777777777966,0.0,-0.3499999999994543,3.0,-0.3499999999994543,3.0,False,1.3,3.55,4.05,4.05,4.8,,,3.050000000000182,-0.3499999999994543,3.449999999999818,-0.3499999999994543,3.449999999999818,-0.3499999999994543,3.449999999999818,-0.3499999999994543
87,88,2026-06-29T22:52:01+00:00,2026-06-29T23:07:01+00:00,2026-06-29T18:52:01.0000000,2026-06-29T19:07:01.0000000,35.0,7452.5,7453.7,7453.5,41.99999999999363,900.0,15.0,2026-06-29T22:52:01+00:00,0.0,7452.15,7502.51461942778,86.18041070384355,39.458719995318475,-50.36461942778078,7506.25,7498.935273254877,0.1967914385143404,0.01740244441813656,True,True,True,804.0,7506.75,0.5,0.0833333333333333,1.8191582664029096,0.23537225589133332,True,3.5,True,True,5.0,574.0,True,6.5,True,3.0,True,0.5,True,0.23807009854465266,True,7.314726745123328,True,True,293.0,4.880821658462703,7.314726745123328,True,7.314726745123153,6203.0,,disabled,,45.0,0.0,3.0,7455.2,82.31472674512332,True,1.2397070413957405,1.0,True,RSI 86.18 >= 70.00,0.0,True,standard,1.0,VALID_1DTE_ONLY,VALID_1DTE_ONLY,False,True,False,0DTE expired after 16:00:00,breakout_long_1dte,breakout_long_1dte,True,True,"0DTE expired after 16:00:00; 1DTE breakout context: 1DTE gamma/charm wall breakout acceptedWall=7500.00, gammaWall=7500.00, charmWall=7500.00, underlying=7494.25, callPut=0.8550, forwardDexRatio30m=0.4271, orderBookBullish=True, wallHL=Unknown, atm1DTE=7495.00, target1=7500.00, gammaWall1DTE=7500.00, charmWall1DTE=7500.00, forwardDEX30m1DTE=4163742538",1.10,8,,,,,,,,,,,,,,,,,,,,,,,,,,,,,,,,,,,,,,True,disabled,2026-06-29T22:52:00.7156080Z,0.284392,7494.25,7495.0,140.95,-0.005321035828,7500.0,5.75,7635.2,140.95,7500.0,5.75,0.8549872883,0.8614547655,5.75,True,allowed,,,,True,allowed,,,,,,3.735380572219758,True,True,True,True,,,True,22,-54.25,50.75,54.25,00:15:00,86,True,1.25,-1.3500000000003638,14.5,2.0166666666666666,False,False,10.016666666666667,0.0,-1.3500000000003638,1.25,3.0,2.699999999999818,False,False,,,0.46296296296299416,0.0,-0.3500000000003638,1.0,-0.3500000000003638,1.0,False,13.016666666666667,14.5,,,,,,0.0,-1.3500000000003638,1.25,-1.3500000000003638,1.25,-1.3500000000003638,1.25,-1.3500000000003638
89,90,2026-06-29T23:07:02+00:00,2026-06-29T23:33:51+00:00,2026-06-29T19:07:02.0000000,2026-06-29T19:33:51.0000000,35.0,7454.2,7455.2,7455.2,35.0,1609.0,26.816666666666666,2026-06-29T23:07:02+00:00,0.0,7453.95,7504.369827703599,66.42108087108514,27.856819925315673,-50.41982770359937,7506.75,7500.438916577667,0.14715623525115185,0.08947828888563134,True,True,True,899.0,7508.0,1.25,0.816666666666667,0.0,0.0,True,5.5,True,True,4.0,594.0,False,-0.25,True,1.25,True,1.25,True,0.12499166426785206,True,6.3110834223329775,True,True,288.0,1.7156517536592102,6.3110834223329775,True,6.311083422332558,8427.0,,disabled,,45.0,0.0,3.0,7457.0,72.42517537752238,True,0.6902875209734656,1.0,True,ES structure higher-low -0.25 < 0.25,0.0,True,standard,1.0,VALID_1DTE_ONLY,VALID_1DTE_ONLY,False,True,False,0DTE expired after 16:00:00,breakout_long_1dte,breakout_long_1dte,True,True,"0DTE expired after 16:00:00; 1DTE breakout context: 1DTE gamma/charm wall breakout acceptedWall=7500.00, gammaWall=7500.00, charmWall=7500.00, underlying=7496.50, callPut=0.8550, forwardDexRatio30m=0.4275, orderBookBullish=True, wallHL=Unknown, atm1DTE=7495.00, target1=7500.00, gammaWall1DTE=7500.00, charmWall1DTE=7500.00, forwardDEX30m1DTE=4169409015",1.10,8,,,,,,,,,,,,,,,,,,,,,,,,,,,,,,,,,,,,,,True,disabled,2026-06-29T23:07:01.6074100Z,0.39259,7496.5,7495.0,140.95,0.01064207166,7500.0,3.5,7637.45,140.95,7500.0,3.5,0.8549872883,0.8614547655,3.5,True,allowed,,,,True,allowed,,,,,,2.3801722964007115,True,True,True,True,,,True,23,-50.75,75.25,126.0,00:26:49,114,True,1.75,-1.3499999999994543,3.2666666666666666,17.016666666666666,True,True,0.5166666666666667,1.75,-0.25,1.25,3.0,2.800000000000182,False,False,,3.0166666666666666,0.6249999999999594,0.6249999999999594,-0.25,1.0,-0.25,1.0,False,2.0166666666666666,2.7666666666666666,3.0166666666666666,,,,,1.75,-0.25,1.75,-0.9499999999998181,1.75,-1.3499999999994543,1.75,-1.3499999999994543
91,92,2026-06-29T23:33:56+00:00,2026-06-30T00:06:01+00:00,2026-06-29T19:33:56.0000000,2026-06-29T20:06:01.0000000,35.0,7455.7,7456.7,7456.7,35.0,1925.0,32.083333333333336,2026-06-29T23:33:56+00:00,0.0,7455.45,7507.6678499970385,70.8667467109786,37.46167005094922,-52.217849997038684,7509.0,7502.084951456311,0.10595934825099575,0.03312491735992423,True,True,True,644.0,7509.25,0.25,0.916666666666666,0.0,0.0,True,2.25,True,True,5.0,412.0,True,1.0,True,1.25,True,0.25,True,0.06844145843940379,True,6.915048543689321,True,True,219.0,5.516253629199502,6.915048543689321,True,6.915048543689409,10918.0,,disabled,,45.0,0.0,3.0,7458.5,81.91504854368932,True,1.217502696871629,1.0,True,RSI 70.87 >= 70.00,0.0,True,standard,1.0,VALID_1DTE_ONLY,VALID_1DTE_ONLY,False,True,False,0DTE expired after 16:00:00,breakout_long_1dte,breakout_long_1dte,True,True,"0DTE expired after 16:00:00; 1DTE breakout context: 1DTE gamma/charm wall breakout acceptedWall=7500.00, gammaWall=7500.00, charmWall=7500.00, underlying=7498.00, callPut=0.8550, forwardDexRatio30m=0.4279, orderBookBullish=True, wallHL=WallRejection, atm1DTE=7500.00, target1=7500.00, gammaWall1DTE=7500.00, charmWall1DTE=7500.00, forwardDEX30m1DTE=4173513257",1.10,8,,,,,,,,,,,,,,,,,,,,,,,,,,,,,,,,,,,,,,True,disabled,2026-06-29T23:33:53.2720470Z,2.727953,7498.0,7500.0,145.55,-0.01374098248,7500.0,2.0,7643.55,145.55,7500.0,2.0,0.8549872883,0.8614547655,2.0,True,allowed,,,,True,allowed,,,,,,1.332150002961398,True,True,True,True,,,True,23,-225.75,43.75,234.5,00:32:05,130,True,1.25,-6.449999999999818,32.083333333333336,29.116666666666667,False,True,0.36666666666666664,0.25,-6.449999999999818,1.25,3.0,2.800000000000182,False,False,,,0.4464285714285424,0.08928571428570849,-0.25,7.0,-0.25,7.0,False,32.083333333333336,32.083333333333336,,,,,,0.25,-0.9499999999998181,0.25,-4.949999999999818,0.25,-6.449999999999818,1.25,-6.449999999999818
93,94,2026-06-30T00:52:53+00:00,2026-06-30T01:28:16+00:00,2026-06-29T20:52:53.0000000,2026-06-29T21:28:16.0000000,35.0,7450.0,7451.0,7451.0,35.0,2123.0,35.38333333333333,2026-06-30T00:52:53+00:00,0.0,7449.75,7507.75379930279,52.549833066382455,19.777781658502914,-58.00379930278996,7510.25,7506.134046052632,0.017597766004333933,0.010453239607579616,True,True,True,928.0,7513.25,3.0,27.7666666666667,0.16102323051360448,-1.1789920793487376,True,4.0,True,True,4.0,594.0,True,2.5,True,1.25,True,0.0,False,0.007150044570117612,True,4.115953947368421,True,True,266.0,0.21329588014981274,4.115953947368421,True,4.115953947368325,22192.0,,disabled,,45.0,0.0,3.0,7452.8,48.552187682949736,True,0.0,2.0,True,setup quality 48.55 <= 50.00; ADX slope -1.1790 <= -1.0000,0.0,True,standard,1.0,VALID_1DTE_ONLY,VALID_1DTE_ONLY,False,True,False,0DTE expired after 16:00:00,breakout_long_1dte,breakout_long_1dte,True,True,"0DTE expired after 16:00:00; 1DTE breakout context: 1DTE gamma/charm wall breakout acceptedWall=7500.00, gammaWall=7500.00, charmWall=7500.00, underlying=7492.00, callPut=0.9845, forwardDexRatio30m=0.9330, orderBookBullish=True, wallHL=Unknown, atm1DTE=7490.00, target1=7500.00, gammaWall1DTE=7500.00, charmWall1DTE=7500.00, forwardDEX30m1DTE=219148361",1.10,8,,,,,,,,,,,,,,,,,,,,,,,,,,,,,,,,,,,,,,True,disabled,2026-06-30T00:52:49.6825980Z,3.317402,7492.0,7490.0,63.9,0.03129890454,7500.0,8.0,7555.9,63.9,7500.0,8.0,0.9844703272,0.9806346287,8.0,True,allowed,,,,True,allowed,,,,,,2.4962006972104347,True,True,True,True,,,True,0,-281.75,78.75,308.0,00:35:23,162,True,1.3500000000003638,-8.050000000000182,35.3,20.166666666666668,False,True,3.1666666666666665,0.4499999999998181,-8.050000000000182,1.3500000000003638,3.0,2.800000000000182,False,False,,,0.48214285714295574,0.16071428571421031,-0.5500000000001819,10.0,-0.5500000000001819,10.0,False,34.166666666666664,34.96666666666667,,,,,,0.4499999999998181,-1.25,0.4499999999998181,-5.75,0.4499999999998181,-8.050000000000182,1.3500000000003638,-8.050000000000182
95,96,2026-06-30T02:01:49+00:00,2026-06-30T03:19:06+00:00,2026-06-29T22:01:49.0000000,2026-06-29T23:19:06.0000000,35.0,7452.7,7453.7,7453.7,35.0,4637.0,77.28333333333333,2026-06-30T02:01:49+00:00,0.0,7452.45,7506.526887352967,59.95993033829764,20.077024075742635,-54.07688735296688,7508.5,7506.341108551768,0.011239027286795017,0.010904247055904627,True,True,True,751.0,7508.75,0.25,1.68333333333333,0.6291494985567112,0.8795311433351594,True,2.75,True,True,4.0,448.0,True,3.0,True,1.5,True,0.25,False,-0.00033652657071983795,True,2.158891448231624,True,True,226.0,-0.5338607306629415,2.158891448231624,True,2.1588914482317705,34297.0,,disabled,,45.0,0.0,3.0,7455.5,50.26691818967504,True,0.0,0.0,True,no entry-veto points,0.0,True,standard,1.0,VALID_1DTE_ONLY,VALID_1DTE_ONLY,False,True,False,0DTE expired after 16:00:00,breakout_long_1dte,breakout_long_1dte,True,True,"0DTE expired after 16:00:00; 1DTE breakout context: 1DTE gamma/charm wall breakout acceptedWall=7500.00, gammaWall=7500.00, charmWall=7465.00, underlying=7495.25, callPut=0.9753, forwardDexRatio30m=0.9036, orderBookBullish=True, wallHL=Unknown, atm1DTE=7495.00, target1=7500.00, gammaWall1DTE=7500.00, charmWall1DTE=7465.00, forwardDEX30m1DTE=479016652",1.10,8,,,,,,,,,,,,,,,,,,,,,,,,,,,,,,,,,,,,,,True,disabled,2026-06-30T02:01:45.9670010Z,3.032999,7495.25,7495.0,64.45,0.00387897595,7500.0,4.75,7559.7,64.45,7500.0,4.75,0.9752566465,0.9691668186,4.75,True,allowed,,,,True,allowed,,,,,,1.9731126470335838,True,True,True,True,,,True,2,-236.25,43.75,245.0,01:17:17,330,True,1.25,-6.449999999999818,77.2,14.733333333333333,False,True,0.23333333333333334,0.1500000000005457,-6.449999999999818,1.25,3.0,2.800000000000182,False,False,,,0.4464285714285424,0.053571428571619985,0.0500000000001819,14.0,0.0500000000001819,14.0,True,30.483333333333334,76.95,,,,,,0.1500000000005457,-1.75,0.1500000000005457,-6.449999999999818,0.25,-6.449999999999818,0.5500000000001819,-6.449999999999818
97,98,2026-06-30T05:32:08+00:00,2026-06-30T05:52:46+00:00,2026-06-30T01:32:08.0000000,2026-06-30T01:52:46.0000000,35.0,7465.2,7466.5,7466.2,45.50000000000637,1238.0,20.633333333333333,2026-06-30T05:32:08+00:00,0.0,7464.95,7507.366813508357,53.204976657035004,12.636371572854513,-42.416813508357336,7507.25,7505.384444967391,0.005481566162931281,0.0022324432060153517,True,True,True,731.0,7509.0,1.75,1.96666666666667,-0.9956758627305461,-0.2592226200245017,True,1.25,True,True,5.0,482.0,True,0.5,True,0.25,True,1.75,True,0.004066445474393177,True,1.8655550326094266,True,True,233.0,0.6565436909188196,1.8655550326094266,True,1.8655550326093362,74365.0,,disabled,,38.0,0.0,2.487457454245802,7467.4,47.69259889498283,True,0.0,3.0,True,setup quality 47.69 <= 50.00; ES VWAP cushion 1.87 <= 2.00; ADX 12.64 <= 18.00,0.0,True,standard,1.0,VALID_0DTE,VALID_0DTE,True,False,False,valid 0DTE option strike map; option IV module disabled,pullback_long,pullback_long,True,True,"VALID_0DTE ordered router; ordered ES pullback: trendPrice=7507.25, ema=7507.37, distance=1.87, adx=12.64, rsi=53.20, structure=5",0.90,5,,,,,,,,,,,,,,,,,,,,,,,,,,,,,,,,,,,,,,True,disabled,2026-06-30T05:32:04.9940760Z,3.005924,7507.5,7505.0,61.8,0.04045307443,7525.0,17.5,7569.3,61.8,7510.0,2.5,0.9651058371,0.9640097467,2.5,True,allowed,,,,True,allowed,,,,,,-0.11681350835722731,True,True,True,True,,,True,5,-131.25,71.75,133.0,00:20:38,108,True,1.300000000000182,-3.75,20.633333333333333,3.9166666666666665,False,True,0.16666666666666666,0.0500000000001819,-3.75,1.300000000000182,2.487457454245802,2.199999999999818,False,False,,9.416666666666666,0.5909090909092225,0.02272727272735729,0.0500000000001819,10.0,0.0500000000001819,10.0,True,8.916666666666666,9.416666666666666,,,,,,0.0500000000001819,-3.75,1.25,-3.75,1.300000000000182,-3.75,1.300000000000182,-3.75
99,100,2026-06-30T06:31:50+00:00,2026-06-30T06:57:51+00:00,2026-06-30T02:31:50.0000000,2026-06-30T02:57:51.0000000,35.0,7464.5,7465.5,7465.5,35.0,1561.0,26.016666666666666,2026-06-30T06:31:50+00:00,0.0,7464.25,7512.783836009614,46.403427969391394,25.69343059357642,-48.53383600961388,7512.0,7506.442492277772,0.01633888851517826,3.763386406714753e-06,True,True,True,955.0,7517.0,5.0,15.1166666666667,4.413992413216542,-1.0906625934479355,True,2.75,True,True,3.0,623.0,False,-4.75,False,-2.0,True,3.0,True,0.02108475279934578,True,5.557507722228578,True,True,336.0,2.8892387015677556,5.557507722228578,True,5.557507722228365,87410.0,,disabled,,38.0,0.0,3.1948299782160965,7467.4,48.766456137286006,True,0.0,5.0,True,setup quality 48.77 <= 50.00; ES structure score 3 <= 3; ES structure higher-low -4.75 < 0.25; ES structure higher-high -2.00 < 0.00; ADX slope -1.0907 <= -1.0000,0.0,True,standard,1.0,VALID_0DTE,VALID_0DTE,True,False,False,valid 0DTE option strike map; option IV module disabled,pullback_long,pullback_long,True,True,"VALID_0DTE ordered router; ordered ES pullback: trendPrice=7512.00, ema=7512.78, distance=5.56, adx=25.69, rsi=46.40, structure=3",0.90,5,,,,,,,,,,,,,,,,,,,,,,,,,,,,,,,,,,,,,,True,disabled,2026-06-30T06:31:45.7658350Z,4.234165,7506.75,7505.0,62.525,0.02798880448,7525.0,18.25,7569.275,62.525,7510.0,3.25,0.9673533716,0.9657809295,3.25,True,allowed,,,,True,allowed,,,,,,-0.7838360096134467,True,True,True,True,,,True,6,-176.75,43.75,176.75,00:26:01,106,True,1.25,-5.050000000000182,26.016666666666666,2.716666666666667,False,False,17.966666666666665,0.0,-5.050000000000182,1.25,3.1948299782160965,2.899999999999636,False,False,,,0.4310344827586748,0.0,-0.25,13.0,-0.25,13.0,False,25.216666666666665,26.016666666666666,,,,,,0.0,-5.050000000000182,0.0,-5.050000000000182,1.25,-5.050000000000182,1.25,-5.050000000000182
101,102,2026-06-30T06:57:52+00:00,2026-06-30T07:06:21+00:00,2026-06-30T02:57:52.0000000,2026-06-30T03:06:21.0000000,35.0,7466.0,7469.0,7469.0,105.0,509.0,8.483333333333333,2026-06-30T06:57:52+00:00,0.0,7465.75,7514.009649165558,40.69575409541101,20.5918468334684,-48.259649165557676,7512.5,7506.959484964811,0.017929184817064653,-0.021067957804979155,True,True,True,907.0,7517.25,4.75,10.2666666666667,,,True,0.75,True,True,4.0,604.0,True,1.75,False,-0.25,True,4.5,True,0.022848430637960247,True,5.54051503518874,True,True,317.0,4.792097768580937,5.54051503518874,True,5.540515035188946,93780.0,,disabled,,38.0,0.0,2.9868248759827467,7468.7,42.50245331507609,True,0.0,3.0,True,setup quality 42.50 <= 50.00; ES structure higher-high -0.25 < 0.00; RSI 40.70 <= 45.00,0.0,True,standard,1.0,VALID_0DTE,VALID_0DTE,True,False,False,valid 0DTE option strike map; option IV module disabled,pullback_long,pullback_long,True,True,"VALID_0DTE ordered router; ordered ES pullback: trendPrice=7512.50, ema=7514.01, distance=5.54, adx=20.59, rsi=40.70, structure=4",0.90,5,,,,,,,,,,,,,,,,,,,,,,,,,,,,,,,,,,,,,,True,disabled,2026-06-30T06:57:48.2585330Z,3.741467,7507.75,7510.0,65.4,-0.03440366972,7525.0,17.25,7573.15,65.4,7510.0,2.25,0.9671440607,0.9656356214,2.25,True,allowed,,,,True,allowed,,,,,,-1.509649165557749,True,True,True,True,,,True,6,-36.75,120.75,59.5,00:08:29,35,True,3.0,-1.050000000000182,8.483333333333333,1.1833333333333333,False,False,1.9333333333333333,0.0,-1.050000000000182,3.0,2.9868248759827467,2.699999999999818,True,False,5.683333333333334,4.183333333333334,1.111111111111186,0.0,-0.0500000000001819,11.0,-0.0500000000001819,11.0,False,4.183333333333334,4.183333333333334,4.433333333333334,4.683333333333334,8.483333333333333,,,2.449999999999818,-1.050000000000182,3.0,-1.050000000000182,3.0,-1.050000000000182,3.0,-1.050000000000182
103,104,2026-06-30T08:51:13+00:00,2026-06-30T09:03:13+00:00,2026-06-30T04:51:13.0000000,2026-06-30T05:03:13.0000000,35.0,7452.2,7459.7,7453.2,262.5,720.0,12.0,2026-06-30T08:51:13+00:00,0.0,7451.95,7505.053321985443,57.82726764979006,18.845071405606905,-53.10332198544347,7514.75,7504.177578472495,0.06471580904758382,0.01020247995501557,True,True,True,1691.0,7514.75,0.0,0.0,-0.9039935208997129,-0.8243585843859262,True,11.0,True,True,4.0,1201.0,True,8.0,True,6.75,True,0.0,False,0.017825045741164204,True,10.572421527504973,True,True,601.0,0.10760175183609613,10.572421527504973,True,10.572421527504957,236739.0,,disabled,,30.0,0.0,55.78125,7507.7,68.9868357280067,True,0.49926865155592726,0.0,True,no entry-veto points,0.0,True,standard,1.0,VALID_0DTE,VALID_0DTE,True,False,False,valid 0DTE option strike map; option IV module disabled,squeeze_long,squeeze_long,True,True,"VALID_0DTE ordered router; ordered ES squeeze: negativeGamma=False, highVol=False, aboveExpectedMove=False, distance=10.57, slope=0.0647, adx=18.85, rsi=57.83, structure=5, orderBookBullish=False",1.25,,,,,,,,,,,,,,,,,,,,,,,,,,,,,,,,,,,,,,,True,disabled,2026-06-30T08:51:09.3108150Z,3.689185,7494.5,7495.0,64.875,-0.007707129094,7500.0,5.5,7559.375,64.875,7500.0,5.5,0.9693470202,0.9664931701,5.5,True,allowed,target_2_upper_straddle,7559.375,44.625,True,allowed,,,,,,9.696678014556465,True,True,True,True,,,True,8,-8.75,313.25,59.5,00:12:00,50,True,8.949999999999818,-0.25,9.833333333333334,0.0,False,False,0.08333333333333333,0.0,-0.25,8.949999999999818,55.78125,55.5,False,False,,,0.16126126126125798,0.0,0.0500000000001819,5.0,0.0500000000001819,5.0,True,0.5833333333333334,0.8333333333333334,0.8333333333333334,1.3333333333333333,1.5833333333333333,1.5833333333333333,3.0833333333333335,6.050000000000182,-0.25,8.949999999999818,-0.25,8.949999999999818,-0.25,8.949999999999818,-0.25
105,106,2026-06-30T09:09:14+00:00,2026-06-30T09:15:56+00:00,2026-06-30T05:09:14.0000000,2026-06-30T05:15:56.0000000,35.0,7460.2,7462.7,7462.7,87.5,402.0,6.7,2026-06-30T09:09:14+00:00,0.0,7459.95,7521.899633261719,54.62847449011629,32.09295055389762,-61.9496332617191,7521.75,7508.68289186723,0.21883711281011609,-0.10110247769531779,True,True,True,1800.0,7532.5,10.75,4.23333333333333,-3.172665241072541,-0.5692945795140174,True,6.0,True,True,4.0,1200.0,True,10.25,True,8.0,False,10.75,True,0.23523121040666775,True,13.06710813276988,True,True,600.0,9.196427601195328,13.06710813276988,True,13.067108132770045,309046.0,,disabled,,38.0,0.0,2.4,7462.4,76.39996315917823,True,0.9111090643987906,3.0,True,"ES pullback from high 10.75 >= 5.00; ES recent high rejection distance 10.75 >= 5.00, minutes 4.23 <= 15.00; RSI slope -3.1727 <= -2.0000",0.0,True,standard,1.0,VALID_0DTE,VALID_0DTE,True,False,False,valid 0DTE option strike map; option IV module disabled,charm_pin_pullback_long,charm_pin_pullback_long,True,True,"positive gamma/charm pin pullback: expectedMovePosition=0.0364, netCharm30m=4240121, lowerFade=False, pullback=True, dynamicMaxVwapDistance=15.44",0.80,3,,,,,,,,,,,,,,,,,,,,,,,,,,,,,,,,,,,,,,True,disabled,2026-06-30T09:09:11.0101330Z,2.989867,7502.25,7500.0,61.75,0.03643724696,7525.0,22.75,7564.0,61.75,7505.0,2.75,0.9699807216,0.9671229247,2.75,True,allowed,,,,True,allowed,,,,,,-0.14963326171847796,True,True,True,True,,,True,9,-43.75,106.75,43.75,00:06:42,28,True,2.75,-1.25,6.566666666666666,1.3166666666666667,False,False,1.8166666666666667,0.0,-1.25,2.75,2.4,2.199999999999818,True,False,6.566666666666666,2.316666666666667,1.2500000000001033,0.0,-0.75,4.0,-0.75,4.0,False,2.066666666666667,2.066666666666667,2.316666666666667,6.566666666666666,,,,1.550000000000182,-1.25,2.75,-1.25,2.75,-1.25,2.75,-1.25
107,108,2026-06-30T09:38:40+00:00,2026-06-30T09:47:06+00:00,2026-06-30T05:38:40.0000000,2026-06-30T05:47:06.0000000,17.0,7461.2,7463.7,7463.7,42.5,506.0,8.433333333333334,2026-06-30T09:38:40+00:00,0.0,7460.95,7533.58122884267,60.768895839043395,32.99587145160657,-72.63122884266977,7533.5,7513.060317789239,0.18865419840535605,-0.018325287683856297,True,True,True,1789.0,7541.25,7.75,3.43333333333333,-2.760084145358795,1.4330654721574392,True,2.25,True,True,4.0,1191.0,True,9.5,True,8.0,False,7.75,True,0.15765136252887482,True,20.439682210761138,True,True,598.0,20.1448778112272,20.439682210761138,True,20.43968221076102,390888.0,,disabled,,38.0,0.0,2.4,7463.4,85.89752287096394,True,1.35,3.0,True,"ES pullback from high 7.75 >= 5.00; ES recent high rejection distance 7.75 >= 5.00, minutes 3.43 <= 15.00; RSI slope -2.7601 <= -2.0000",0.0,True,standard,0.5,VALID_0DTE,VALID_0DTE,True,False,False,valid 0DTE option strike map; option IV module disabled,charm_pin_pullback_long,charm_pin_pullback_long,True,True,"positive gamma/charm pin pullback: expectedMovePosition=-0.0269, netCharm30m=5921834, lowerFade=False, pullback=True, dynamicMaxVwapDistance=16.24",0.80,3,,,,,,,,,,,,,,,,,,,,,,,,,,,,,,,,,,,,,,True,disabled,2026-06-30T09:38:38.7593710Z,1.240629,7503.25,7505.0,64.975,-0.02693343594,7525.0,21.75,7568.225,64.975,7505.0,1.75,0.9711430273,0.968493014,1.75,True,allowed,,,,True,allowed,,,,,,-0.08122884266965089,True,True,True,True,,,True,9,-12.75,53.55,17.0,00:08:26,35,True,2.550000000000182,-0.4499999999998181,8.383333333333333,0.13333333333333333,False,False,1.1333333333333333,0.0,-0.4499999999998181,2.550000000000182,2.4,2.199999999999818,True,False,8.383333333333333,1.8833333333333333,1.1590909090910877,0.0,-0.4499999999998181,8.0,-0.4499999999998181,8.0,False,1.6333333333333333,1.8833333333333333,2.6333333333333333,8.133333333333333,,,,1.949999999999818,-0.4499999999998181,2.550000000000182,-0.4499999999998181,2.550000000000182,-0.4499999999998181,2.550000000000182,-0.4499999999998181
109,110,2026-06-30T10:02:49+00:00,2026-06-30T10:16:51+00:00,2026-06-30T06:02:49.0000000,2026-06-30T06:16:51.0000000,35.0,7464.2,7465.2,7465.2,35.0,842.0,14.033333333333333,2026-06-30T10:02:49+00:00,0.0,7463.95,7525.563829170531,56.95527534758001,22.092945437209245,-61.61382917053106,7529.5,7515.263048048048,0.05857023531988436,0.0004569294815189588,True,True,True,1790.0,7541.25,11.75,27.5833333333333,5.044952892766141,-0.14416673135085017,True,12.5,True,True,3.0,1194.0,False,-7.0,False,-6.25,True,0.0,True,0.08190446894957189,True,14.236951951951951,True,True,600.0,2.00179184907764,14.236951951951951,True,14.236951951951596,466200.0,,disabled,,30.0,0.0,48.625,7512.6,69.67825451226015,True,0.5376808062366751,3.0,True,ES structure score 3 <= 3; ES structure higher-low -7.00 < 0.25; ES structure higher-high -6.25 < 0.00,0.0,True,standard,1.0,VALID_0DTE,VALID_0DTE,True,False,False,valid 0DTE option strike map; option IV module disabled,squeeze_long,squeeze_long,True,True,"VALID_0DTE ordered router; ordered ES squeeze: negativeGamma=False, highVol=False, aboveExpectedMove=False, distance=14.24, slope=0.0586, adx=22.09, rsi=56.96, structure=3, orderBookBullish=False",1.25,,,,,,,,,,,,,,,,,,,,,,,,,,,,,,,,,,,,,,,True,disabled,2026-06-30T10:02:46.0576920Z,2.942308,7506.25,7505.0,62.15,0.02011263073,7525.0,18.75,7568.4,62.15,7510.0,3.75,0.964429659,0.962084884,3.75,True,allowed,target_2_upper_straddle,7568.4,38.9,True,allowed,,,,,,3.9361708294694697,True,True,True,True,,,True,10,-82.25,61.25,112.0,00:14:02,122,True,1.75,-2.25,4.983333333333333,0.9833333333333333,False,False,2.9833333333333334,0.0,-2.25,1.75,48.625,48.400000000000546,False,False,,,0.036157024793388025,0.0,-1.449999999999818,14.0,-1.449999999999818,14.0,False,3.2333333333333334,4.733333333333333,4.733333333333333,,,,,1.75,-2.25,1.75,-2.25,1.75,-2.25,1.75,-2.25
111,112,2026-06-30T11:30:11+00:00,2026-06-30T11:42:11+00:00,2026-06-30T07:30:11.0000000,2026-06-30T07:42:11.0000000,17.0,7469.5,7470.7,7470.5,20.399999999996908,720.0,12.0,2026-06-30T11:30:11+00:00,0.0,7469.25,7550.646917881135,48.424483577051646,34.54535813675506,-81.39691788113487,7549.5,7521.7224890449515,0.052688654061962506,-0.002378116421309906,True,True,True,1551.0,7553.75,4.25,13.7,-1.967479112855652,-1.0938710584293097,True,0.0,True,True,4.0,987.0,True,1.25,False,-0.75,True,3.5,True,0.06493237362636561,True,27.77751095504803,True,True,477.0,27.77751095504803,27.77751095504803,True,27.777510955048456,620262.0,,disabled,,38.0,0.0,2.4,7471.7,72.9852031375784,True,0.7214001743099111,2.0,True,ES structure higher-high -0.75 < 0.00; ADX slope -1.0939 <= -1.0000,0.0,True,standard,0.5,VALID_0DTE,VALID_0DTE,True,False,False,valid 0DTE option strike map; option IV module disabled,charm_pin_pullback_long,charm_pin_pullback_long,True,True,"positive gamma/charm pin pullback: expectedMovePosition=0.0326, netCharm30m=24882677, lowerFade=False, pullback=True, dynamicMaxVwapDistance=15.34",0.80,3,,,,,,,,,,,,,,,,,,,,,,,,,,,,,,,,,,,,,,True,disabled,2026-06-30T11:30:10.5014940Z,0.498506,7512.0,7510.0,61.35,0.032599837,7525.0,13.0,7573.35,61.35,7515.0,3.0,0.9604274247,0.9562794412,3.0,True,allowed,,,,True,allowed,,,,,,-1.1469178811351843,True,True,True,True,,,True,11,-29.75,39.95,42.5,00:12:00,50,True,1.949999999999818,-1.75,11.616666666666667,8.866666666666667,False,True,0.8666666666666667,0.4499999999998181,-1.75,1.949999999999818,2.4,2.199999999999818,False,False,,11.366666666666667,0.8863636363636269,0.20454545454538878,-0.3500000000003638,7.0,-0.3500000000003638,7.0,False,11.366666666666667,11.366666666666667,11.616666666666667,,,,,0.4499999999998181,-1.550000000000182,1.949999999999818,-1.75,1.949999999999818,-1.75,1.949999999999818,-1.75
113,114,2026-06-30T11:58:42+00:00,2026-06-30T13:51:11+00:00,2026-06-30T07:58:42.0000000,2026-06-30T09:51:11.0000000,17.0,7469.2,7471.7,7471.7,42.5,6749.0,112.48333333333333,2026-06-30T11:58:42+00:00,0.0,7468.95,7554.641814957867,60.68817371794281,46.63577793490274,-85.69181495786688,7554.5,7523.458458758636,0.07413110050682747,-0.006849657313022674,True,True,True,1515.0,7558.25,3.75,4.36666666666667,-2.3101926214254505,1.0203268069158788,True,0.5,True,True,5.0,1019.0,True,3.75,True,3.5,True,3.75,True,0.06584946212593712,True,31.041541241363753,True,True,521.0,31.041541241363753,31.041541241363753,True,31.04154124136403,656101.0,,disabled,,38.0,0.0,2.4,7471.4,87.11966507602412,True,1.35,1.0,True,RSI slope -2.3102 <= -2.0000,0.0,True,standard,0.5,VALID_0DTE,VALID_0DTE,True,False,False,valid 0DTE option strike map; option IV module disabled,charm_pin_pullback_long,charm_pin_pullback_long,True,True,"positive gamma/charm pin pullback: expectedMovePosition=0.0286, netCharm30m=29779828, lowerFade=False, pullback=True, dynamicMaxVwapDistance=15.31",0.80,3,,,,,,,,,,,,,,,,,,,,,,,,,,,,,,,,,,,,,,True,disabled,2026-06-30T11:58:41.0955270Z,0.904473,7511.75,7510.0,61.225,0.02858309514,7525.0,13.25,7572.975,61.225,7515.0,3.25,0.9605238886,0.9553375388,3.25,True,allowed,,,,True,allowed,,,,,,-0.14181495786693202,True,True,True,True,,,True,11,-335.75,45.9,335.75,01:52:29,451,True,2.5,-18.949999999999818,112.48333333333333,33.85,False,False,112.48333333333333,0.0,-18.949999999999818,2.5,2.4,2.199999999999818,True,False,112.48333333333333,112.48333333333333,1.1363636363637304,0.0,-0.3499999999994543,6.0,-0.3499999999994543,6.0,False,112.48333333333333,112.48333333333333,112.48333333333333,112.48333333333333,,,,0.0,-6.75,0.0,-7.949999999999818,0.0,-15.449999999999818,0.0,-18.949999999999818
115,116,2026-06-30T14:06:12+00:00,2026-06-30T14:22:21+00:00,2026-06-30T10:06:12.0000000,2026-06-30T10:22:21.0000000,17.0,7483.9,7484.9,7484.9,17.0,969.0,16.15,2026-06-30T14:06:12+00:00,0.0,7483.7,7559.178578608421,50.10714382831857,17.538475803504024,-75.47857860842123,7559.0,7529.07137239555,0.04313741218044753,-0.0059028207974665195,True,True,True,1496.0,7561.75,2.75,15.05,-0.341627745384673,-0.3891007636249308,True,0.75,True,True,4.0,1022.0,True,2.25,False,-0.5,True,2.25,True,0.050415726235541386,True,29.92862760445085,True,True,502.0,29.482080990389232,29.92862760445085,True,29.928627604450412,797241.0,,disabled,,38.0,0.0,2.4,7486.1,62.35798360616069,True,0.1309990892311493,2.0,True,ES structure higher-high -0.50 < 0.00; ADX 17.54 <= 18.00,0.0,True,standard,0.5,VALID_0DTE,VALID_0DTE,True,False,False,valid 0DTE option strike map; option IV module disabled,charm_pin_pullback_long,charm_pin_pullback_long,True,True,"positive gamma/charm pin pullback: expectedMovePosition=0.0125, netCharm30m=1375426, lowerFade=False, pullback=True, dynamicMaxVwapDistance=14.99",0.80,3,,,,,,,,,,,,,,,,,,,,,,,,,,,,,,,,,,,,,,True,disabled,2026-06-30T14:06:09.2915350Z,2.708465,7525.75,7525.0,59.975,0.0125052105,7550.0,24.25,7585.725,59.975,7530.0,4.25,0.936746988,0.9568730452,4.25,True,allowed,,,,True,allowed,,,,,,-0.17857860842149545,True,True,True,True,,,True,14,-117.3,27.2,139.4,00:16:09,72,True,1.6000000000003638,-6.399999999999636,16.15,4.6,False,True,0.1,1.300000000000182,-6.399999999999636,1.6000000000003638,2.4,2.2000000000007276,False,False,,0.85,0.7272727272726521,0.5909090909089781,0.1000000000003638,6.0,0.1000000000003638,6.0,True,0.35,0.85,16.15,,,,,1.300000000000182,-6.399999999999636,1.300000000000182,-6.399999999999636,1.6000000000003638,-6.399999999999636,1.6000000000003638,-6.399999999999636
117,118,2026-06-30T14:22:21+00:00,2026-06-30T14:23:11+00:00,2026-06-30T10:22:21.0000000,2026-06-30T10:23:11.0000000,17.0,7485.7,7488.1,7488.1,40.80000000000928,50.0,0.8333333333333334,2026-06-30T14:22:21+00:00,0.0,7485.5,7562.845582001403,48.90978616698758,23.775354164036315,-77.34558200140327,7562.25,7530.251969655851,0.09526423815717794,0.039562185290950735,True,True,True,1558.0,7567.75,5.5,3.88333333333333,,,True,0.25,True,True,5.0,1046.0,True,3.5,True,3.5,True,5.5,True,0.0662625402109851,True,31.998030344149125,True,True,549.0,31.748999543236817,31.998030344149125,True,31.9980303441489,825398.0,,disabled,,38.0,0.0,2.4,7487.9,74.91108419861433,True,0.8283935665896852,2.0,True,"ES pullback from high 5.50 >= 5.00; ES recent high rejection distance 5.50 >= 5.00, minutes 3.88 <= 15.00",0.0,True,standard,0.5,VALID_0DTE,VALID_0DTE,True,False,False,valid 0DTE option strike map; option IV module disabled,charm_pin_pullback_long,charm_pin_pullback_long,True,True,"positive gamma/charm pin pullback: expectedMovePosition=0.0385, netCharm30m=19630081, lowerFade=False, pullback=True, dynamicMaxVwapDistance=14.62",0.80,3,,,,,,,,,,,,,,,,,,,,,,,,,,,,,,,,,,,,,,True,disabled,2026-06-30T14:22:17.7542690Z,3.245731,7527.25,7525.0,58.475,0.03847798204,7550.0,22.75,7585.725,58.475,7530.0,2.75,0.9357242009,0.9518610161,2.75,True,allowed,,,,True,allowed,,,,,,-0.5955820014036142,True,True,True,True,,,True,14,-8.5,47.6,8.5,00:00:50,4,True,2.4000000000005457,-0.5,0.8333333333333334,0.2,False,False,0.45,0.0,-0.5,2.4000000000005457,2.4,2.199999999999818,True,False,0.8333333333333334,0.8333333333333334,1.0909090909094292,0.0,-0.5,12.0,-0.5,12.0,False,0.45,0.7,0.8333333333333334,0.8333333333333334,,,,2.4000000000005457,-0.5,2.4000000000005457,-0.5,2.4000000000005457,-0.5,2.4000000000005457,-0.5
119,120,2026-06-30T14:29:00+00:00,2026-06-30T14:30:11+00:00,2026-06-30T10:29:00.0000000,2026-06-30T10:30:11.0000000,17.0,7490.2,7492.6,7492.6,40.80000000000928,71.0,1.1833333333333333,2026-06-30T14:29:00+00:00,0.0,7490.0,7562.9941301001045,39.29594634537225,18.74807528028849,-72.99413010010448,7561.25,7530.679533722436,0.06347381173801125,-0.015293905702056292,True,True,True,1565.0,7567.75,6.5,10.5333333333333,-3.8231439252225945,-0.4963717893843466,True,0.0,True,True,4.0,1073.0,True,0.75,False,-2.0,True,4.5,True,0.0710258774872243,True,30.570466277563934,True,True,538.0,30.570466277563934,30.570466277563934,True,30.570466277564265,836283.0,,disabled,,38.0,0.0,2.4,7492.4,59.64748473609813,True,0.0,4.0,True,"ES structure higher-high -2.00 < 0.00; ES recent high rejection distance 6.50 >= 5.00, minutes 10.53 <= 15.00; RSI slope -3.8231 <= -2.0000; RSI 39.30 <= 45.00",0.0,True,standard,0.5,VALID_0DTE,VALID_0DTE,True,False,False,valid 0DTE option strike map; option IV module disabled,charm_pin_pullback_long,charm_pin_pullback_long,True,True,"positive gamma/charm pin pullback: expectedMovePosition=0.0342, netCharm30m=80290159, lowerFade=False, pullback=True, dynamicMaxVwapDistance=14.62",0.80,3,,,,,,,,,,,,,,,,,,,,,,,,,,,,,,,,,,,,,,True,disabled,2026-06-30T14:28:59.2038770Z,0.796123,7532.0,7530.0,58.475,0.03420265071,7550.0,18.0,7590.475,58.475,7540.0,8.0,0.9332229492,0.9475797168,8.0,True,allowed,,,,True,allowed,,,,,,-1.744130100104695,True,True,True,True,,,True,14,-11.9,56.1,17.0,00:01:11,6,True,2.4000000000005457,-0.6999999999998181,1.1833333333333333,0.55,False,False,1.1833333333333333,0.0,-0.6999999999998181,2.4000000000005457,2.4,2.199999999999818,True,False,1.1833333333333333,1.1833333333333333,1.0909090909094292,0.0,-0.5,3.0,-0.5,3.0,False,1.1833333333333333,1.1833333333333333,1.1833333333333333,1.1833333333333333,,,,2.4000000000005457,-0.6999999999998181,2.4000000000005457,-0.6999999999998181,2.4000000000005457,-0.6999999999998181,2.4000000000005457,-0.6999999999998181
121,122,2026-06-30T14:58:46+00:00,2026-06-30T14:59:16+00:00,2026-06-30T10:58:46.0000000,2026-06-30T10:59:16.0000000,17.0,7475.9,7478.3,7478.3,40.80000000000928,30.0,0.5,2026-06-30T14:58:46+00:00,0.0,7475.7,7558.358417586029,69.73260406342774,24.853005534498745,-82.65841758602892,7558.0,7534.191576807495,0.29597003090031926,0.18210257308609096,True,True,True,1734.0,7564.0,6.0,1.63333333333333,5.183692040020846,0.9157664406898293,True,4.75,True,True,3.0,1156.0,False,-1.0,True,3.75,False,6.0,True,0.13665192463031353,True,23.80842319250486,True,True,594.0,20.85655258325897,23.80842319250486,True,23.80842319250496,956033.0,,disabled,,38.0,0.0,2.4,7478.1,77.01180332069924,True,0.9451001844832916,4.0,True,"ES structure score 3 <= 3; ES structure higher-low -1.00 < 0.25; ES pullback from high 6.00 >= 5.00; ES recent high rejection distance 6.00 >= 5.00, minutes 1.63 <= 15.00",0.0,True,standard,0.5,VALID_0DTE,VALID_0DTE,True,False,False,valid 0DTE option strike map; option IV module disabled,charm_pin_pullback_long,charm_pin_pullback_long,True,True,"positive gamma/charm pin pullback: expectedMovePosition=0.0300, netCharm30m=-111743442, lowerFade=False, pullback=True, dynamicMaxVwapDistance=14.58",0.80,3,,,,,,,,,,,,,,,,,,,,,,,,,,,,,,,,,,,,,,True,disabled,2026-06-30T14:58:45.5521690Z,0.447831,7516.75,7515.0,58.325,0.03000428633,7525.0,8.25,7575.075,58.325,7520.0,3.25,0.9281767956,0.9350309385,3.25,True,allowed,,,,True,allowed,,,,,,-0.35841758602838797,True,True,True,True,,,True,14,-3.4,64.6,23.8,00:00:30,3,True,2.4000000000005457,-0.1999999999998181,0.5,0.0,False,False,0.2833333333333333,0.0,-0.1999999999998181,2.4000000000005457,2.4,2.2000000000007276,True,False,0.5,0.2833333333333333,1.0909090909089783,0.0,-0.1999999999998181,2.0,-0.1999999999998181,2.0,False,0.2833333333333333,0.2833333333333333,0.5,0.5,,,,2.4000000000005457,-0.1999999999998181,2.4000000000005457,-0.1999999999998181,2.4000000000005457,-0.1999999999998181,2.4000000000005457,-0.1999999999998181
123,124,2026-06-30T15:06:01+00:00,2026-06-30T15:08:26+00:00,2026-06-30T11:06:01.0000000,2026-06-30T11:08:26.0000000,35.0,7486.9,7489.3,7489.3,84.0000000000191,145.0,2.4166666666666665,2026-06-30T15:06:01+00:00,0.0,7486.7,7554.006557184332,38.76362305672491,27.661614382517264,-67.30655718433263,7549.0,7536.730947285009,0.04397210813919129,-0.6140441235140284,True,True,True,1745.0,7564.0,15.0,8.88333333333333,0.6375545134516905,0.4030529654614003,True,3.75,True,True,3.0,1172.0,False,-8.0,True,0.25,False,15.0,True,0.23737053480868328,True,12.269052714990496,True,True,595.0,8.843899215341553,12.269052714990496,True,12.269052714990721,1139562.0,,disabled,,38.0,0.0,2.4,7489.1,54.02001139941449,True,0.0,5.0,True,"ES structure score 3 <= 3; ES structure higher-low -8.00 < 0.25; ES pullback from high 15.00 >= 5.00; ES recent high rejection distance 15.00 >= 5.00, minutes 8.88 <= 15.00; RSI 38.76 <= 45.00",0.0,True,standard,1.0,VALID_0DTE,VALID_0DTE,True,False,False,valid 0DTE option strike map; option IV module disabled,charm_pin_pullback_long,charm_pin_pullback_long,True,True,"positive gamma/charm pin pullback: expectedMovePosition=-0.0163, netCharm30m=113006234, lowerFade=False, pullback=True, dynamicMaxVwapDistance=15.31",0.80,3,,,,,,,,,,,,,,,,,,,,,,,,,,,,,,,,,,,,,,True,disabled,2026-06-30T15:05:57.0939730Z,3.906027,7529.0,7530.0,61.225,-0.01633319722,7550.0,21.0,7590.225,61.225,7530.0,1.0,0.9270317964,0.9344371587,1.0,True,allowed,,,,True,allowed,,,,,,-5.006557184332602,True,True,True,True,,,True,15,-119.0,91.0,119.0,00:02:25,11,True,2.4000000000005457,-3.399999999999636,2.4166666666666665,1.2833333333333334,False,False,2.033333333333333,0.0,-3.399999999999636,2.4000000000005457,2.4,2.2000000000007276,True,False,2.283333333333333,2.283333333333333,1.0909090909089783,0.0,-0.1999999999998181,2.0,-0.1999999999998181,2.0,False,2.283333333333333,2.283333333333333,2.283333333333333,2.283333333333333,,,,2.4000000000005457,-3.399999999999636,2.4000000000005457,-3.399999999999636,2.4000000000005457,-3.399999999999636,2.4000000000005457,-3.399999999999636
125,126,2026-06-30T15:19:00+00:00,2026-06-30T15:20:56+00:00,2026-06-30T11:19:00.0000000,2026-06-30T11:20:56.0000000,35.0,7490.4,7494.0,7494.0,126.00000000001273,116.0,1.9333333333333333,2026-06-30T15:19:00+00:00,0.0,7490.2,7548.119747318003,42.71311394121616,35.66364675580876,-57.91974731800292,7545.75,7536.913195745403,0.005574616083747126,-0.011867360904182812,True,True,True,1659.0,7564.0,18.25,21.8666666666667,1.7349717902106543,0.6839996956966882,True,3.25,True,True,3.0,1066.0,False,-2.75,False,-7.75,True,4.75,True,0.12691365250873127,True,8.836804254597103,True,True,501.0,5.644722228729741,8.836804254597103,True,8.836804254597155,1161003.0,,disabled,,38.0,0.0,3.6,7493.8,52.000865031888864,True,0.0,4.0,True,ES structure score 3 <= 3; ES structure higher-low -2.75 < 0.25; ES structure higher-high -7.75 < 0.00; RSI 42.71 <= 45.00,0.0,True,standard,1.0,VALID_0DTE,VALID_0DTE,True,False,False,valid 0DTE option strike map; option IV module disabled,pullback_long,pullback_long,True,True,"VALID_0DTE ordered router; ordered ES pullback: trendPrice=7545.75, ema=7548.12, distance=8.84, adx=35.66, rsi=42.71, structure=3",0.90,5,,,,,,,,,,,,,,,,,,,,,,,,,,,,,,,,,,,,,,True,disabled,2026-06-30T15:18:59.8104910Z,0.189509,7532.5,7530.0,57.525,0.04345936549,7550.0,17.5,7590.025,57.525,7540.0,7.5,0.9264835053,0.9324405275,7.5,True,allowed,,,,True,allowed,,,,,,-2.369747318002688,True,True,True,True,,,True,15,-49.0,168.0,49.0,00:01:56,9,True,3.600000000000364,-0.8999999999996362,1.9333333333333333,0.05,False,False,1.05,0.0,-0.8999999999996362,3.600000000000364,3.6,3.4000000000005457,True,False,1.9333333333333333,1.55,1.0588235294117017,0.0,-0.8999999999996362,3.0,-0.8999999999996362,3.0,False,1.05,1.3,1.3,1.55,1.8,,,3.600000000000364,-0.8999999999996362,3.600000000000364,-0.8999999999996362,3.600000000000364,-0.8999999999996362,3.600000000000364,-0.8999999999996362
127,128,2026-06-30T15:27:00+00:00,2026-06-30T15:46:06+00:00,2026-06-30T11:27:00.0000000,2026-06-30T11:46:06.0000000,35.0,7498.7,7499.7,7499.7,35.0,1146.0,19.1,2026-06-30T15:27:00+00:00,0.0,7498.5,7545.2336282612305,38.332211401241516,39.14773724663717,-46.73362826123048,7543.0,7536.9334023341535,0.0020673778380499294,-0.0017532811347276789,True,True,True,1450.0,7564.0,21.0,29.8666666666667,0.5060746705223745,0.5403046490027716,True,1.75,True,True,3.0,862.0,False,-1.25,False,-4.5,True,4.0,True,0.008943164076380912,True,6.066597665846611,True,True,356.0,4.323300403494373,6.066597665846611,True,6.06659766584653,1164962.0,,disabled,,38.0,0.0,3.3066783950798815,7501.8,46.07603118229901,True,0.0,5.0,True,setup quality 46.08 <= 50.00; ES structure score 3 <= 3; ES structure higher-low -1.25 < 0.25; ES structure higher-high -4.50 < 0.00; RSI 38.33 <= 45.00,0.0,True,standard,1.0,VALID_0DTE,VALID_0DTE,True,False,False,valid 0DTE option strike map; option IV module disabled,pullback_long,pullback_long,True,True,"VALID_0DTE ordered router; ordered ES pullback: trendPrice=7543.00, ema=7545.23, distance=6.07, adx=39.15, rsi=38.33, structure=3",0.90,5,,,,,,,,,,,,,,,,,,,,,,,,,,,,,,,,,,,,,,True,disabled,2026-06-30T15:26:56.5017880Z,3.498212,7540.75,7540.0,59.775,0.01254705144,7550.0,9.25,7600.525,59.775,7550.0,9.25,0.926322325,0.9322919871,9.25,True,allowed,,,,True,allowed,,,,,,-2.2336282612308476,True,True,True,True,,,True,15,-182.0,52.5,234.5,00:19:06,79,True,1.300000000000182,-5.0,7.8,14.05,True,True,7.55,1.300000000000182,-2.5,1.0,3.3066783950798815,3.100000000000364,False,False,,,0.4193548387096869,0.4193548387096869,-1.0,3.0,-1.0,3.0,False,7.55,7.8,,,,,,0.0,-2.5,1.300000000000182,-5.0,1.300000000000182,-5.0,1.300000000000182,-5.0
129,130,2026-06-30T15:54:09+00:00,2026-06-30T16:00:41+00:00,2026-06-30T11:54:09.0000000,2026-06-30T12:00:41.0000000,35.0,7501.7,7504.8,7504.8,108.50000000001273,392.0,6.533333333333333,2026-06-30T15:54:09+00:00,0.0,7501.5,7540.7458022239425,53.50754883058492,35.738497342512886,-39.24580222394252,7540.5,7536.962124221675,0.0007213921009272323,-0.00034416370626951193,True,True,True,790.0,7543.75,3.25,23.2,5.354308773619616,-0.4148465364731204,True,2.0,True,True,3.0,533.0,False,-2.0,False,-1.25,True,0.75,True,0.0008511218835506965,True,3.537875778324888,True,True,281.0,1.539848890951371,3.537875778324888,True,3.537875778324633,1173032.0,,disabled,,38.0,0.0,3.141814948924334,7504.6,52.450613891814925,True,0.0,3.0,True,ES structure score 3 <= 3; ES structure higher-low -2.00 < 0.25; ES structure higher-high -1.25 < 0.00,0.0,True,standard,1.0,VALID_0DTE,VALID_0DTE,True,False,False,valid 0DTE option strike map; option IV module disabled,pullback_long,pullback_long,True,True,"VALID_0DTE ordered router; ordered ES pullback: trendPrice=7540.50, ema=7540.75, distance=3.54, adx=35.74, rsi=53.51, structure=3",0.90,5,,,,,,,,,,,,,,,,,,,,,,,,,,,,,,,,,,,,,,True,disabled,2026-06-30T15:54:07.2185670Z,1.781433,7543.5,7545.0,61.475,-0.02440016267,7550.0,6.5,7604.975,61.475,7550.0,6.5,0.9245575507,0.9290376046,6.5,True,allowed,,,,True,allowed,,,,,,-0.24580222394289913,True,True,True,True,,,True,15,-17.5,122.5,87.5,00:06:32,27,True,3.300000000000182,-0.1999999999998181,3.4,0.0,False,False,0.15,0.0,-0.1999999999998181,3.300000000000182,3.141814948924334,2.9000000000005457,True,False,2.65,1.9,1.1379310344826072,0.0,0.3000000000001819,9.0,0.3000000000001819,9.0,True,1.65,1.65,1.9,1.9,2.65,,,3.300000000000182,-0.1999999999998181,3.300000000000182,-0.1999999999998181,3.300000000000182,-0.1999999999998181,3.300000000000182,-0.1999999999998181
131,132,2026-06-30T17:57:00+00:00,2026-06-30T18:04:16+00:00,2026-06-30T13:57:00.0000000,2026-06-30T14:04:16.0000000,35.0,7509.7,7513.1,7513.1,119.0000000000191,436.0,7.266666666666667,2026-06-30T17:57:00+00:00,0.0,7509.5,7544.9429018057035,38.901084332592205,39.34001019066444,-35.442901805703514,7543.75,7537.039451736402,0.0007042960168484024,-0.0001653068667080849,True,True,True,486.0,7550.5,6.75,27.7,3.696942968910036,1.9750148516843833,True,1.75,True,True,3.0,307.0,False,-3.75,False,-1.75,True,2.5,True,0.0006116198900540183,True,6.710548263598273,True,True,193.0,4.962928743731755,6.710548263598273,True,6.710548263597957,1184029.0,,disabled,,38.0,0.0,3.4382732377909804,7512.9,46.85684326568086,True,0.0,5.0,True,setup quality 46.86 <= 50.00; ES structure score 3 <= 3; ES structure higher-low -3.75 < 0.25; ES structure higher-high -1.75 < 0.00; RSI 38.90 <= 45.00,0.0,True,standard,1.0,VALID_0DTE,VALID_0DTE,True,False,False,valid 0DTE option strike map; option IV module disabled,pullback_long,pullback_long,True,True,"VALID_0DTE ordered router; ordered ES pullback: trendPrice=7543.75, ema=7544.94, distance=6.71, adx=39.34, rsi=38.90, structure=3",0.90,5,,,,,,,,,,,,,,,,,,,,,,,,,,,,,,,,,,,,,,True,disabled,2026-06-30T17:56:57.2400140Z,2.759986,7551.75,7550.0,57.375,0.03050108932,7575.0,23.25,7609.125,57.375,7560.0,8.25,0.9249125843,0.9261811571,8.25,True,allowed,target_3_call_volume,7560.0,16.5,True,allowed,,,,,,-1.1929018057035032,True,True,True,True,,,True,17,-35.0,133.0,63.0,00:07:16,30,True,3.4000000000005457,-1.0,7.266666666666667,4.05,False,True,0.55,0.8000000000001819,-1.0,3.4000000000005457,3.4382732377909804,3.199999999999818,True,False,7.266666666666667,5.3,1.062500000000231,0.25000000000007105,-0.1999999999998181,3.0,-0.1999999999998181,3.0,False,0.8,5.3,5.3,5.3,6.55,,,0.8000000000001819,-1.0,3.4000000000005457,-1.0,3.4000000000005457,-1.0,3.4000000000005457,-1.0
133,134,2026-06-30T18:11:09+00:00,2026-06-30T18:23:09+00:00,2026-06-30T14:11:09.0000000,2026-06-30T14:23:09.0000000,35.0,7512.9,7514.8,7513.9,66.5000000000191,720.0,12.0,2026-06-30T18:11:09+00:00,0.0,7512.7,7544.043094408925,57.48131105401319,27.04971609583583,-31.343094408925026,7544.0,7537.050183726503,0.000839045036635941,0.00011811737770428405,True,True,True,557.0,7548.0,4.0,30.0,3.62035012298388,-0.8908999518907087,True,1.75,True,True,5.0,418.0,True,0.25,True,1.25,True,1.75,True,0.0007426541668463226,True,6.949816273497009,True,True,209.0,5.203032330064083,6.949816273497009,True,6.949816273497163,1186002.0,,disabled,,38.0,0.0,3.6,7516.3,63.29428931890181,True,0.18301607327232297,0.0,True,no entry-veto points,0.0,True,standard,1.0,VALID_0DTE,VALID_0DTE,True,False,False,valid 0DTE option strike map; option IV module disabled,pullback_long,pullback_long,True,True,"VALID_0DTE ordered router; ordered ES pullback: trendPrice=7544.00, ema=7544.04, distance=6.95, adx=27.05, rsi=57.48, structure=5",0.90,5,,,,,,,,,,,,,,,,,,,,,,,,,,,,,,,,,,,,,,True,disabled,2026-06-30T18:11:04.1433590Z,4.856641,7554.75,7555.0,59.475,-0.004203446826,7575.0,20.25,7614.225,59.475,7560.0,5.25,0.9249638243,0.9242194066,5.25,True,allowed,target_3_call_volume,7560.0,15.75,True,allowed,,,,,,-0.04309440892441088,True,True,True,True,,,True,18,-59.5,98.0,59.5,00:12:00,50,True,2.600000000000364,-1.699999999999818,11.15,1.65,False,False,3.9,0.0,-1.699999999999818,2.600000000000364,3.6,3.4000000000005457,False,False,,8.9,0.7647058823529255,0.0,-0.6999999999998181,9.0,-0.6999999999998181,9.0,False,4.4,8.65,8.65,9.15,,,,0.6000000000003638,-1.699999999999818,2.600000000000364,-1.699999999999818,2.600000000000364,-1.699999999999818,2.600000000000364,-1.699999999999818
135,136,2026-06-30T18:42:00+00:00,2026-06-30T18:50:46+00:00,2026-06-30T14:42:00.0000000,2026-06-30T14:50:46.0000000,35.0,7514.9,7518.8,7518.4,136.5000000000191,526.0,8.766666666666667,2026-06-30T18:42:00+00:00,0.0,7514.7,7545.151244537991,48.02050708934364,12.145047381135544,-30.451244537991442,7545.0,7537.058905435805,0.0003027586812223727,-3.087638681998074e-06,True,True,True,333.0,7546.75,1.75,6.78333333333333,-1.6863381618557556,-0.5525518715571812,True,0.75,True,True,5.0,226.0,True,0.75,True,0.5,True,1.75,True,0.0003146689296102689,True,7.94109456419482,True,True,114.0,7.191971009194713,7.94109456419482,True,7.941094564194827,1187331.0,,disabled,,38.0,0.0,3.4570341417823327,7518.2,45.585841048665685,True,0.0,2.0,True,setup quality 45.59 <= 50.00; ADX 12.15 <= 18.00,0.0,True,standard,1.0,VALID_0DTE,VALID_0DTE,True,False,False,valid 0DTE option strike map; option IV module disabled,pullback_long,pullback_long,True,True,"VALID_0DTE ordered router; ordered ES pullback: trendPrice=7545.00, ema=7545.15, distance=7.94, adx=12.15, rsi=48.02, structure=5",0.90,5,,,,,,,,,,,,,,,,,,,,,,,,,,,,,,,,,,,,,,True,disabled,2026-06-30T18:41:57.7279020Z,2.272098,7557.0,7555.0,57.575,0.03473729917,7575.0,18.0,7614.575,57.575,7560.0,3.0,0.9253973294,0.925675064,3.0,True,allowed,,,,True,allowed,,,,,,-0.15124453799168358,True,True,True,True,,,True,18,-42.0,143.5,63.0,00:08:46,36,True,3.9000000000005457,-1.199999999999818,8.766666666666667,0.55,False,False,1.8,0.0,-1.199999999999818,3.9000000000005457,3.4570341417823327,3.300000000000182,True,False,8.05,6.8,1.181818181818282,0.0,-0.1999999999998181,3.0,-0.1999999999998181,3.0,False,1.8,6.55,6.8,6.8,7.55,,,0.6000000000003638,-1.199999999999818,3.9000000000005457,-1.199999999999818,3.9000000000005457,-1.199999999999818,3.9000000000005457,-1.199999999999818
137,138,2026-06-30T18:51:23+00:00,2026-06-30T19:08:46+00:00,2026-06-30T14:51:23.0000000,2026-06-30T15:08:46.0000000,35.0,7518.2,7519.2,7519.2,35.0,1043.0,17.383333333333333,2026-06-30T18:51:23+00:00,0.0,7518.0,7545.224028437134,52.09997147574183,12.637364410206047,-27.22402843713371,7544.75,7537.063881479661,0.0006325508964019,0.00026746392153520157,True,True,True,420.0,7547.0,2.25,5.76666666666667,0.43475641773337803,0.05246717894179421,True,2.0,True,True,4.0,305.0,False,-1.5,True,0.25,True,2.25,True,0.00040461306987480257,True,7.686118520339067,True,True,191.0,5.68682895149974,7.686118520339067,True,7.686118520338823,1188083.0,,disabled,,38.0,0.0,3.510311158018314,7521.5,48.12340268636808,True,0.0,3.0,True,setup quality 48.12 <= 50.00; ES structure higher-low -1.50 < 0.25; ADX 12.64 <= 18.00,0.0,True,standard,1.0,VALID_0DTE,VALID_0DTE,True,False,False,valid 0DTE option strike map; option IV module disabled,pullback_long,pullback_long,True,True,"VALID_0DTE ordered router; ordered ES pullback: trendPrice=7544.75, ema=7545.22, distance=7.69, adx=12.64, rsi=52.10, structure=4",0.90,5,,,,,,,,,,,,,,,,,,,,,,,,,,,,,,,,,,,,,,True,disabled,2026-06-30T18:51:18.4955750Z,4.504425,7560.75,7560.0,58.575,0.01280409731,7575.0,14.25,7619.325,58.575,7565.0,4.25,0.9259860676,0.9272550656,4.25,True,allowed,target_3_call_volume,7565.0,19.75,True,allowed,,,,,,-0.4740284371339027,True,True,True,True,,,True,18,-105.0,45.5,105.0,00:17:23,71,True,1.300000000000182,-3.0,17.383333333333333,3.1666666666666665,False,False,10.166666666666666,0.0,-3.0,1.300000000000182,3.510311158018314,3.300000000000182,False,False,,,0.39393939393942734,0.0,-0.1999999999998181,10.0,-0.1999999999998181,10.0,False,17.383333333333333,17.383333333333333,,,,,,0.0,-3.0,0.3000000000001819,-3.0,1.300000000000182,-3.0,1.300000000000182,-3.0
139,140,2026-06-30T19:08:47+00:00,2026-06-30T19:17:11+00:00,2026-06-30T15:08:47.0000000,2026-06-30T15:17:11.0000000,35.0,7519.7,7523.1,7523.1,119.0000000000191,504.0,8.4,2026-06-30T19:08:47+00:00,0.0,7519.5,7544.758332541496,47.03346112350874,15.859467315980185,-25.258332541496202,7544.25,7537.0809795453515,0.0011838272986308457,-0.0006455474965025194,True,True,True,733.0,7547.5,3.25,7.66666666666667,,,True,1.0,True,True,5.0,570.0,True,1.25,True,1.75,True,3.25,True,0.0009610952624870312,True,7.169020454648532,True,True,386.0,6.170348317551629,7.169020454648532,True,7.169020454648489,1190634.0,,disabled,,38.0,0.0,3.351568566855385,7522.9,50.58235161313651,True,0.0,1.0,True,ADX 15.86 <= 18.00,0.0,True,standard,1.0,VALID_0DTE,VALID_0DTE,True,False,False,valid 0DTE option strike map; option IV module disabled,pullback_long,pullback_long,True,True,"VALID_0DTE ordered router; ordered ES pullback: trendPrice=7544.25, ema=7544.76, distance=7.17, adx=15.86, rsi=47.03, structure=5",0.90,5,,,,,,,,,,,,,,,,,,,,,,,,,,,,,,,,,,,,,,True,disabled,2026-06-30T19:08:45.1222390Z,1.877761,7561.25,7560.0,57.65,0.02168256722,7575.0,13.75,7618.9,57.65,7565.0,3.75,0.9225198227,0.9256405475,3.75,True,allowed,,,,True,allowed,,,,,,-0.5083325414965011,True,True,True,True,,,True,19,-42.0,133.0,70.0,00:08:24,35,True,3.4000000000005457,-1.199999999999818,8.4,1.7666666666666666,False,True,0.26666666666666666,0.8000000000001819,-1.199999999999818,3.4000000000005457,3.351568566855385,3.199999999999818,True,False,8.4,3.2666666666666666,1.062500000000231,0.25000000000007105,-0.1999999999998181,1.0,-0.1999999999998181,1.0,False,0.26666666666666666,2.5166666666666666,2.7666666666666666,4.516666666666667,8.4,,,2.5,-1.199999999999818,3.4000000000005457,-1.199999999999818,3.4000000000005457,-1.199999999999818,3.4000000000005457,-1.199999999999818
141,142,2026-07-01T06:02:44+00:00,2026-07-01T06:47:21+00:00,2026-07-01T02:02:44.0000000,2026-07-01T02:47:21.0000000,35.0,7484.0,7485.3,7485.0,45.50000000000637,2677.0,44.61666666666667,2026-07-01T06:02:44+00:00,0.0,7483.75,7535.990782262799,61.06138642854085,21.23210837800355,-52.24078226279926,7538.0,7526.145921972809,0.04086279570581361,0.021177020048971394,True,True,True,643.0,7538.25,0.25,2.3,-1.057299948659458,-0.6156388092237037,True,3.25,True,True,4.0,460.0,True,2.75,True,1.75,True,0.25,False,0.027040838038317222,True,11.854078027190923,True,True,263.0,8.87800727135962,11.854078027190923,True,11.854078027190553,81792.0,,disabled,,30.0,0.0,15.0,7498.8,68.12276240986509,True,0.45126457832583855,0.0,True,no entry-veto points,0.0,True,standard,1.0,VALID_0DTE,VALID_0DTE,True,False,False,valid 0DTE option strike map; option IV module disabled,squeeze_long,squeeze_long,True,True,"VALID_0DTE ordered router; ordered ES squeeze: negativeGamma=False, highVol=False, aboveExpectedMove=False, distance=11.85, slope=0.0409, adx=21.23, rsi=61.06, structure=5, orderBookBullish=False",1.25,,,,,,,,,,,,,,,,,,,,,,,,,,,,,,,,,,,,,,,True,disabled,2026-07-01T06:02:42.9907760Z,1.009224,7526.5,7525.0,59.3,0.02529510961,7550.0,23.5,7585.8,59.3,7550.0,23.5,0.9380890961,0.9245302419,23.5,True,allowed,target_1_next_strike,7550.0,12.0,True,allowed,,,,,,2.009217737200403,True,True,True,True,,,True,6,-155.75,89.25,245.0,00:44:37,205,True,2.550000000000182,-4.25,9.033333333333333,23.283333333333335,True,True,0.2833333333333333,2.550000000000182,-1.75,1.300000000000182,15.0,14.800000000000182,False,False,,,0.17229729729730747,0.17229729729730747,-0.25,2.0,-0.25,2.0,False,6.783333333333333,7.033333333333333,8.033333333333333,8.783333333333333,,,,0.0500000000001819,-1.75,2.550000000000182,-1.75,2.550000000000182,-4.25,2.550000000000182,-4.25
143,144,2026-07-01T07:12:01+00:00,2026-07-01T07:24:01+00:00,2026-07-01T03:12:01.0000000,2026-07-01T03:24:01.0000000,35.0,7474.8,7476.5,7475.8,59.49999999999363,720.0,12.0,2026-07-01T07:12:01+00:00,0.0,7474.55,7530.588746237343,56.38627798706353,36.330028919678675,-56.03874623734282,7530.5,7527.427810684008,0.009690594256782634,0.006023554473225523,True,True,True,1032.0,7536.25,5.75,23.7,5.3319058614839125,-1.4778434741002395,True,3.0,True,True,3.0,749.0,False,-2.0,False,-1.0,True,1.75,True,0.01051588183111579,True,3.0721893159914107,True,True,407.0,0.11909358385381717,3.0721893159914107,True,3.0721893159916362,98259.0,,disabled,,38.0,0.0,3.1316357653825633,7477.7,55.057545246746926,True,0.0,4.0,True,ES structure score 3 <= 3; ES structure higher-low -2.00 < 0.25; ES structure higher-high -1.00 < 0.00; ADX slope -1.4778 <= -1.0000,0.0,True,standard,1.0,VALID_0DTE,VALID_0DTE,True,False,False,valid 0DTE option strike map; option IV module disabled,pullback_long,pullback_long,True,True,"VALID_0DTE ordered router; ordered ES pullback: trendPrice=7530.50, ema=7530.59, distance=3.07, adx=36.33, rsi=56.39, structure=3",0.90,5,,,,,,,,,,,,,,,,,,,,,,,,,,,,,,,,,,,,,,True,disabled,2026-07-01T07:11:58.3611390Z,2.638861,7517.0,7515.0,59.2,0.03378378378,7525.0,8.0,7576.2,59.2,7550.0,33.0,0.9422697368,0.9273727438,33.0,True,allowed,,,,True,allowed,,,,,,-0.08874623734310834,True,True,True,True,,,True,7,-236.25,78.75,269.5,00:12:00,50,True,1.949999999999818,-6.25,12.0,6.266666666666667,False,True,0.5166666666666667,0.9499999999998181,-6.25,1.949999999999818,3.1316357653825633,2.899999999999636,False,False,,12.0,0.6724137931034699,0.3275862068965301,-0.25,1.0,-0.25,1.0,False,0.5166666666666667,11.766666666666667,12.0,,,,,0.9499999999998181,-2.550000000000182,1.949999999999818,-6.25,1.949999999999818,-6.25,1.949999999999818,-6.25
145,146,2026-07-01T08:05:00+00:00,2026-07-01T08:08:01+00:00,2026-07-01T04:05:00.0000000,2026-07-01T04:08:01.0000000,35.0,7478.0,7480.4,7480.4,83.99999999998727,181.0,3.0166666666666666,2026-07-01T08:05:00+00:00,0.0,7477.65,7529.9766042831,49.2762714844335,12.0263257463614,-52.326604283100096,7529.75,7528.249100947077,0.022308660518067416,0.014471284186730203,True,True,True,1661.0,7534.75,5.0,3.46666666666667,0.4031963195936735,-0.45118859721922505,True,3.75,True,True,5.0,1100.0,True,0.25,True,3.5,True,5.0,True,0.007591164467525028,True,1.5008990529231319,True,True,549.0,-2.0952609955352903,1.5008990529231319,True,1.5008990529231596,134308.0,,disabled,,38.0,0.0,2.34,7480.0,52.12875646911018,True,0.0,4.0,True,"ES pullback from high 5.00 >= 5.00; ES recent high rejection distance 5.00 >= 5.00, minutes 3.47 <= 15.00; ES VWAP cushion 1.50 <= 2.00; ADX 12.03 <= 18.00",0.0,True,standard,1.0,VALID_0DTE,VALID_0DTE,True,False,False,valid 0DTE option strike map; option IV module disabled,pullback_long,pullback_long,True,True,"VALID_0DTE ordered router; ordered ES pullback: trendPrice=7529.75, ema=7529.98, distance=1.50, adx=12.03, rsi=49.28, structure=5",0.90,5,,,,,,,,,,,,,,,,,,,,,,,,,,,,,,,,,,,,,,True,disabled,2026-07-01T08:04:55.1823700Z,4.81763,7520.75,7520.0,59.2,0.01266891892,7525.0,4.25,7579.95,59.2,7550.0,29.25,0.9498548056,0.9371187916,29.25,True,allowed,,,,True,allowed,,,,,,-0.2266042830999307,True,True,True,True,,,True,8,-50.75,96.25,50.75,00:03:01,13,True,2.399999999999636,-1.449999999999818,3.0166666666666666,0.2833333333333333,False,False,0.7833333333333333,0.0,-1.449999999999818,2.399999999999636,2.34,2.0,True,False,2.783333333333333,2.533333333333333,1.199999999999818,0.0,-0.75,2.0,-0.75,2.0,False,0.7833333333333333,2.533333333333333,2.783333333333333,2.783333333333333,,,,2.399999999999636,-1.449999999999818,2.399999999999636,-1.449999999999818,2.399999999999636,-1.449999999999818,2.399999999999636,-1.449999999999818
147,148,2026-07-01T08:19:00+00:00,2026-07-01T08:42:36+00:00,2026-07-01T04:19:00.0000000,2026-07-01T04:42:36.0000000,35.0,7483.0,7484.0,7484.0,35.0,1416.0,23.6,2026-07-01T08:19:00+00:00,0.0,7482.75,7529.631525891452,72.261660408703,19.078241294595593,-46.88152589145193,7537.0,7528.368160692327,0.049143962095957665,0.06891452769374394,True,True,True,1641.0,7539.25,2.25,0.833333333333334,4.968210953030509,0.5308906401752032,True,13.0,True,True,3.0,1090.0,False,-1.25,True,4.5,True,2.25,False,0.01227434909112726,True,8.631839307672983,True,True,544.0,-4.177624641997122,8.631839307672983,True,8.631839307672635,151258.0,,disabled,,30.0,0.0,16.25,7499.0,60.850378398823985,True,0.047243244379110406,3.0,True,ES structure score 3 <= 3; ES structure higher-low -1.25 < 0.25; RSI 72.26 >= 70.00,0.0,True,standard,1.0,VALID_0DTE,VALID_0DTE,True,False,False,valid 0DTE option strike map; option IV module disabled,squeeze_long,squeeze_long,True,True,"VALID_0DTE ordered router; ordered ES squeeze: negativeGamma=False, highVol=False, aboveExpectedMove=False, distance=8.63, slope=0.0491, adx=19.08, rsi=72.26, structure=4, orderBookBullish=False",1.25,,,,,,,,,,,,,,,,,,,,,,,,,,,,,,,,,,,,,,,True,disabled,2026-07-01T08:18:58.2478940Z,1.752106,7525.25,7525.0,59.125,0.00422832981,7550.0,24.75,7584.375,59.125,7550.0,24.75,0.9494243421,0.936360313,24.75,True,allowed,target_1_next_strike,7550.0,13.0,True,allowed,,,,,,7.368474108547818,True,True,True,True,,,True,8,-113.75,89.25,140.0,00:23:36,101,True,1.050000000000182,-2.949999999999818,23.516666666666666,12.533333333333333,False,True,0.03333333333333333,0.5500000000001819,-2.949999999999818,1.050000000000182,16.25,16.0,False,False,,,0.06562500000001137,0.03437500000001137,0.0500000000001819,2.0,0.0500000000001819,2.0,True,0.2833333333333333,23.516666666666666,,,,,,0.5500000000001819,-1.949999999999818,0.5500000000001819,-2.949999999999818,1.050000000000182,-2.949999999999818,1.050000000000182,-2.949999999999818
149,150,2026-07-01T08:56:27+00:00,2026-07-01T09:54:11+00:00,2026-07-01T04:56:27.0000000,2026-07-01T05:54:11.0000000,35.0,7485.5,7486.5,7486.5,35.0,3464.0,57.733333333333334,2026-07-01T08:56:27+00:00,0.0,7485.25,7523.871182764901,74.21149201604409,22.409881897737346,-38.62118276490128,7531.0,7523.798735038688,0.07529842147402865,0.1066551863335097,True,True,True,1801.0,7535.5,4.5,28.6166666666667,1.885179157980103,-0.6480839614481937,True,13.25,True,True,4.0,1201.0,True,9.5,True,9.5,True,1.5,False,-0.10656004831622862,True,7.201264961311417,True,True,601.0,-5.795463124734839,7.201264961311417,True,7.201264961311608,337955.0,,disabled,,30.0,0.0,23.75,7509.0,69.34195732105812,True,0.5189976289476734,1.0,True,RSI 74.21 >= 70.00,0.0,True,standard,1.0,VALID_0DTE,VALID_0DTE,True,False,False,valid 0DTE option strike map; option IV module disabled,squeeze_long,squeeze_long,True,True,"VALID_0DTE ordered router; ordered ES squeeze: negativeGamma=False, highVol=False, aboveExpectedMove=False, distance=7.20, slope=0.0753, adx=22.41, rsi=74.21, structure=4, orderBookBullish=False",1.25,,,,,,,,,,,,,,,,,,,,,,,,,,,,,,,,,,,,,,,True,disabled,2026-07-01T08:56:26.1929540Z,0.807046,7527.5,7525.0,56.8,0.04401408451,7550.0,22.5,7584.3,56.8,7550.0,22.5,0.9483194094,0.9341102623,22.5,True,allowed,target_1_next_strike,7550.0,19.0,True,allowed,,,,,,7.128817235099173,True,True,True,True,,,True,8,-208.25,50.75,234.5,00:57:44,262,True,1.1499999999996362,-5.550000000000182,57.31666666666667,14.333333333333334,False,True,0.5833333333333334,0.5500000000001819,-5.550000000000182,1.1499999999996362,23.75,23.5,False,False,,,0.04893617021275048,0.023404255319156676,-0.25,5.0,-0.25,5.0,False,3.0833333333333335,56.983333333333334,,,,,,0.5500000000001819,-1.25,0.5500000000001819,-5.550000000000182,0.5500000000001819,-5.550000000000182,1.1499999999996362,-5.550000000000182
151,152,2026-07-01T10:35:00+00:00,2026-07-01T10:57:51+00:00,2026-07-01T06:35:00.0000000,2026-07-01T06:57:51.0000000,17.0,7493.3,7494.5,7494.3,20.399999999996908,1371.0,22.85,2026-07-01T10:35:00+00:00,0.0,7493.05,7571.397640845489,46.79144497279156,44.70669966369124,-78.34764084548897,7570.75,7537.666048706197,0.18114471352479936,0.005220965475482149,True,True,True,1766.0,7578.5,7.75,4.95,-7.075348030320153,-0.7713322465397981,True,0.25,True,True,4.0,1179.0,True,6.5,True,4.0,False,7.75,True,0.17670374081472812,True,33.08395129380284,True,True,592.0,32.84232483129325,33.08395129380284,True,33.083951293802784,632322.0,,disabled,,38.0,0.0,2.4,7495.5,77.27486698367494,True,0.9597148324263852,3.0,True,"ES pullback from high 7.75 >= 5.00; ES recent high rejection distance 7.75 >= 5.00, minutes 4.95 <= 15.00; RSI slope -7.0753 <= -2.0000",0.0,True,standard,0.5,VALID_0DTE,VALID_0DTE,True,False,False,valid 0DTE option strike map; option IV module disabled,charm_pin_pullback_long,charm_pin_pullback_long,True,True,"positive gamma/charm pin pullback: expectedMovePosition=0.0086, netCharm30m=3502782, lowerFade=False, pullback=True, dynamicMaxVwapDistance=14.53",0.80,3,,,,,,,,,,,,,,,,,,,,,,,,,,,,,,,,,,,,,,True,disabled,2026-07-01T10:34:56.2797540Z,3.720246,7535.5,7535.0,58.1,0.008605851979,7550.0,14.5,7593.6,58.1,7550.0,14.5,0.9522591645,0.9407969887,14.5,True,allowed,target_2_upper_straddle,7593.6,23.1,True,allowed,,,,,,-0.6476408454887438,True,True,True,True,,,True,10,-68.85,24.65,81.6,00:22:51,158,True,1.25,-4.050000000000182,21.1,8.283333333333333,False,True,3.033333333333333,0.4499999999998181,-4.050000000000182,1.25,2.4,2.199999999999818,False,False,,21.1,0.5681818181818652,0.20454545454538878,-0.0500000000001819,2.0,-0.0500000000001819,2.0,False,17.783333333333335,21.1,,,,,,0.1499999999996362,-0.75,0.4499999999998181,-4.050000000000182,1.25,-4.050000000000182,1.25,-4.050000000000182
153,154,2026-07-01T11:51:21+00:00,2026-07-01T12:15:11+00:00,2026-07-01T07:51:21.0000000,2026-07-01T08:15:11.0000000,17.0,7490.5,7491.5,7491.5,17.0,1430.0,23.833333333333332,2026-07-01T11:51:21+00:00,0.0,7490.25,7570.880938883342,45.09158146552319,19.209869523172816,-80.63093888334242,7569.25,7543.181877911719,0.04659472750990698,-0.006596492514446723,True,True,True,1575.0,7578.75,9.5,27.3333333333333,2.4059347427521116,-0.6991557565251407,True,2.0,True,True,3.0,1055.0,False,-1.5,False,-4.5,True,2.75,True,0.05291906320846627,True,26.068122088280735,True,True,539.0,24.369790833306666,26.068122088280735,True,26.06812208828069,751489.0,,disabled,,38.0,0.0,2.4,7492.7,60.870079719703654,True,0.0483377622057584,3.0,True,ES structure score 3 <= 3; ES structure higher-low -1.50 < 0.25; ES structure higher-high -4.50 < 0.00,0.0,True,standard,0.5,VALID_0DTE,VALID_0DTE,True,False,False,valid 0DTE option strike map; option IV module disabled,charm_pin_pullback_long,charm_pin_pullback_long,True,True,"positive gamma/charm pin pullback: expectedMovePosition=0.0446, netCharm30m=-455529, lowerFade=False, pullback=True, dynamicMaxVwapDistance=14.01",0.80,3,,,,,,,,,,,,,,,,,,,,,,,,,,,,,,,,,,,,,,True,disabled,2026-07-01T11:51:18.1452710Z,2.854729,7532.5,7530.0,56.025,0.04462293619,7550.0,17.5,7588.525,56.025,7550.0,17.5,0.9547275448,0.9417320251,17.5,True,allowed,,,,True,allowed,,,,,,-1.6309388833422394,True,True,True,True,,,True,11,-94.35,21.25,95.2,00:23:50,97,True,1.25,-5.449999999999818,23.833333333333332,11.933333333333334,False,True,2.683333333333333,0.0500000000001819,-5.449999999999818,1.25,2.4,2.199999999999818,False,False,,23.833333333333332,0.5681818181818652,0.02272727272735729,-0.75,11.0,-0.75,11.0,False,23.833333333333332,23.833333333333332,,,,,,0.0500000000001819,-2.449999999999818,0.0500000000001819,-5.449999999999818,1.25,-5.449999999999818,1.25,-5.449999999999818
155,156,2026-07-01T13:41:04+00:00,2026-07-01T13:41:26+00:00,2026-07-01T09:41:04.0000000,2026-07-01T09:41:26.0000000,35.0,7472.0,7475.6,7475.6,126.00000000001273,22.0,0.36666666666666664,2026-07-01T13:41:04+00:00,0.0,7471.8,7556.649754147971,47.72667942466705,12.460717547044386,-84.849754147971,7556.0,7546.015050977103,0.010253098289948926,-0.0011079292966410445,True,True,True,1507.0,7560.0,4.0,15.9166666666667,-1.563334061831337,-0.5941289036081302,True,1.25,True,True,3.0,959.0,False,-0.25,False,-1.5,True,2.5,True,0.011630136409947428,True,9.984949022897258,True,True,467.0,8.841157071283776,9.984949022897258,True,9.984949022897126,901287.0,,disabled,,38.0,0.0,3.6,7475.4,45.13535194941645,True,0.0,5.0,True,setup quality 45.14 <= 50.00; ES structure score 3 <= 3; ES structure higher-low -0.25 < 0.25; ES structure higher-high -1.50 < 0.00; ADX 12.46 <= 18.00,0.0,True,standard,1.0,VALID_0DTE,VALID_0DTE,True,False,False,valid 0DTE option strike map; option IV module disabled,pullback_long,pullback_long,True,True,"VALID_0DTE ordered router; ordered ES pullback: trendPrice=7556.00, ema=7556.65, distance=9.98, adx=12.46, rsi=47.73, structure=3",0.90,5,,,,,,,,,,,,,,,,,,,,,,,,,,,,,,,,,,,,,,True,disabled,2026-07-01T13:41:03.1972030Z,0.802797,7514.75,7515.0,58.8,-0.00425170068,7525.0,10.25,7573.55,58.8,7520.0,5.25,0.9668151184,0.9631017264,5.25,True,allowed,,,,True,allowed,,,,,,-0.6497541479710681,True,True,True,True,,,True,13,-7.0,157.5,31.5,00:00:22,3,True,4.5,-0.1999999999998181,0.36666666666666664,0.0,False,False,0.21666666666666667,0.0,-0.1999999999998181,4.5,3.6,3.399999999999636,True,False,0.36666666666666664,0.21666666666666667,1.3235294117648475,0.0,2.5,13.0,2.5,13.0,True,0.21666666666666667,0.21666666666666667,0.21666666666666667,0.21666666666666667,0.36666666666666664,0.36666666666666664,,4.5,-0.1999999999998181,4.5,-0.1999999999998181,4.5,-0.1999999999998181,4.5,-0.1999999999998181
157,158,2026-07-01T13:41:26+00:00,2026-07-01T13:48:31+00:00,2026-07-01T09:41:26.0000000,2026-07-01T09:48:31.0000000,35.0,7476.7,7480.3,7480.3,126.00000000001273,425.0,7.083333333333333,2026-07-01T13:41:26+00:00,0.0,7476.5,7556.649754147971,47.72667942466705,12.460717547044386,-80.14975414797118,7555.25,7546.018813730949,0.010089041638246901,-0.001463893170541008,True,True,True,1503.0,7560.0,4.75,16.2833333333333,-1.563334061831337,-0.5941289036081302,True,0.0,True,True,4.0,957.0,True,0.5,False,-1.5,True,3.25,True,0.011623151454349834,True,9.231186269051353,True,True,466.0,9.231186269051353,9.231186269051353,True,9.23118626905125,901642.0,,disabled,,38.0,0.0,3.6,7480.1,44.356980697815246,True,0.0,3.0,True,setup quality 44.36 <= 50.00; ES structure higher-high -1.50 < 0.00; ADX 12.46 <= 18.00,0.0,True,standard,1.0,VALID_0DTE,VALID_0DTE,True,False,False,valid 0DTE option strike map; option IV module disabled,pullback_long,pullback_long,True,True,"VALID_0DTE ordered router; ordered ES pullback: trendPrice=7555.25, ema=7556.65, distance=9.23, adx=12.46, rsi=47.73, structure=4",0.90,5,,,,,,,,,,,,,,,,,,,,,,,,,,,,,,,,,,,,,,True,disabled,2026-07-01T13:41:23.2349380Z,2.765062,7517.5,7515.0,56.675,0.04411116012,7525.0,7.5,7574.175,56.675,7520.0,2.5,0.9673690315,0.9637217052,2.5,True,allowed,,,,True,allowed,,,,,,-1.399754147971068,True,True,True,True,,,True,13,-245.0,126.0,255.5,00:07:05,29,True,3.600000000000364,-4.899999999999636,7.083333333333333,3.6,False,True,1.6,0.3000000000001819,-4.899999999999636,3.600000000000364,3.6,3.4000000000005457,True,False,7.083333333333333,4.6,1.0588235294117017,0.0882352941176864,-1.699999999999818,6.0,-1.699999999999818,6.0,False,4.6,4.6,4.6,4.6,7.083333333333333,,,2.100000000000364,-4.899999999999636,3.600000000000364,-4.899999999999636,3.600000000000364,-4.899999999999636,3.600000000000364,-4.899999999999636
159,160,2026-07-01T14:00:02+00:00,2026-07-01T14:05:51+00:00,2026-07-01T10:00:02.0000000,2026-07-01T10:05:51.0000000,35.0,7495.7,7499.2,7499.2,122.5,349.0,5.816666666666666,2026-07-01T14:00:02+00:00,0.0,7495.25,7553.291602914174,51.76789910791594,22.41148151705691,-58.04160291417429,7553.0,7546.235896913731,0.008367157734196988,-0.005209181808010308,True,True,True,1501.0,7558.5,5.5,24.5,5.4288528414971635,0.34275132736478575,True,3.75,True,True,3.0,1024.0,False,-2.25,False,-3.0,True,1.75,True,0.011632094019871116,True,6.76410308626917,True,True,543.0,3.058112792010873,6.76410308626917,True,6.764103086268733,930541.0,,disabled,,38.0,0.0,3.483488508212413,7498.7,50.02680512138243,True,0.0,3.0,True,ES structure score 3 <= 3; ES structure higher-low -2.25 < 0.25; ES structure higher-high -3.00 < 0.00,0.0,True,standard,1.0,VALID_0DTE,VALID_0DTE,True,False,False,valid 0DTE option strike map; option IV module disabled,pullback_long,pullback_long,True,True,"VALID_0DTE ordered router; ordered ES pullback: trendPrice=7553.00, ema=7553.29, distance=6.76, adx=22.41, rsi=51.77, structure=3",0.90,5,,,,,,,,,,,,,,,,,,,,,,,,,,,,,,,,,,,,,,True,disabled,2026-07-01T14:00:00.0703760Z,1.929624,7536.25,7535.0,56.3,0.02220248668,7550.0,13.75,7592.55,56.3,7540.0,3.75,0.9577138131,0.950699826,3.75,True,allowed,,,,True,allowed,,,,,,-0.291602914173995,True,True,True,True,,,True,14,-171.5,122.5,217.0,00:05:49,25,True,3.5,-4.199999999999818,5.816666666666666,2.5166666666666666,False,True,0.26666666666666666,0.3000000000001819,-4.199999999999818,3.5,3.483488508212413,3.0,True,False,5.816666666666666,5.766666666666667,1.1666666666666667,0.10000000000006064,-0.4499999999998181,1.0,-0.4499999999998181,1.0,False,5.516666666666667,5.766666666666667,5.766666666666667,5.766666666666667,5.816666666666666,,,0.3000000000001819,-4.199999999999818,3.5,-4.199999999999818,3.5,-4.199999999999818,3.5,-4.199999999999818
161,162,2026-07-01T22:33:29+00:00,2026-07-01T22:58:21+00:00,2026-07-01T18:33:29.0000000,2026-07-01T18:58:21.0000000,35.0,7497.2,7498.2,7498.2,35.0,1492.0,24.866666666666667,2026-07-01T22:33:29+00:00,0.0,7496.95,7552.805038215486,65.6853288360717,19.252526282504025,-55.855038215486275,7556.75,7553.6029887920295,0.06117294898116816,0.17157731507351742,True,True,True,796.0,7557.25,0.5,0.0333333333333333,3.215080258139487,0.023906207166506908,True,7.0,True,True,3.0,517.0,False,-0.75,True,2.5,True,0.5,False,-0.04158760226935174,True,3.1470112079701122,True,True,294.0,-3.732034795763994,3.1470112079701122,True,3.147011207970536,4015.0,,disabled,,45.0,0.0,3.0,7500.0,57.274469324647754,True,0.0,2.0,True,ES structure score 3 <= 3; ES structure higher-low -0.75 < 0.25,0.0,True,standard,1.0,VALID_1DTE_ONLY,VALID_1DTE_ONLY,False,True,False,0DTE expired after 16:00:00,breakout_long_1dte,breakout_long_1dte,True,True,"0DTE expired after 16:00:00; 1DTE breakout context: 1DTE gamma/charm wall breakout acceptedWall=7550.00, gammaWall=7520.00, charmWall=7550.00, underlying=7539.50, callPut=0.7141, forwardDexRatio30m=0.2710, orderBookBullish=True, wallHL=Unknown, atm1DTE=7540.00, target1=7550.00, gammaWall1DTE=7520.00, charmWall1DTE=7550.00, forwardDEX30m1DTE=4306852902",1.10,8,,,,,,,,,,,,,,,,,,,,,,,,,,,,,,,,,,,,,,True,disabled,2026-07-01T22:33:25.0476700Z,3.95233,7539.5,7540.0,59.4,-0.008417508418,7550.0,10.5,7598.9,59.4,7550.0,10.5,0.7140614214,0.6803768929,10.5,True,allowed,,,,True,allowed,,,,,,3.9449617845137457,True,True,True,True,,,True,22,-113.75,36.75,119.0,00:24:52,131,True,1.050000000000182,-3.25,24.2,14.283333333333333,False,True,0.7833333333333333,0.0500000000001819,-3.25,1.050000000000182,3.0,2.800000000000182,False,False,,,0.3750000000000406,0.01785714285720666,-0.25,2.0,-0.25,2.0,False,24.033333333333335,24.2,,,,,,0.0500000000001819,-1.050000000000182,0.0500000000001819,-3.25,1.050000000000182,-3.25,1.050000000000182,-3.25
163,164,2026-07-02T07:10:07+00:00,2026-07-02T07:35:51+00:00,2026-07-02T03:10:07.0000000,2026-07-02T03:35:51.0000000,36.0,7483.7,7484.7,7484.7,36.0,1544.0,25.733333333333334,2026-07-02T07:10:07+00:00,0.0,7483.35,7546.419756563069,60.93224396373537,21.398879831952836,-63.06975656306895,7549.25,7539.004001819949,0.04007143941767186,0.024950760592498858,True,True,True,1107.0,7549.5,0.25,21.5166666666667,-0.0027283302801371463,-0.4430318771706736,True,8.0,True,True,3.0,729.0,False,-1.25,True,0.5,True,0.0,False,0.02241882109693138,True,10.245998180050876,True,True,430.0,2.5019440124416796,10.245998180050876,True,10.245998180051174,96706.0,,disabled,,30.0,0.0,48.625,7532.0,62.496041991873355,True,0.1386689995485198,2.0,True,ES structure score 3 <= 3; ES structure higher-low -1.25 < 0.25,0.0,True,standard,1.0,VALID_0DTE,VALID_0DTE,True,False,False,valid 0DTE option strike map; option IV module disabled,squeeze_long,squeeze_long,True,True,"VALID_0DTE ordered router; ordered ES squeeze: negativeGamma=False, highVol=False, aboveExpectedMove=False, distance=10.25, slope=0.0401, adx=21.40, rsi=60.93, structure=4, orderBookBullish=False",1.25,,,,,,,,,,,,,,,,,,,,,,,,,,,,,,,,,,,,,,,True,disabled,2026-07-02T07:10:02.0574510Z,4.942549,7525.0,7525.0,63.15,0.0,7550.0,25.0,7588.15,63.15,7550.0,25.0,0.9137820284,0.9095826352,25.0,True,allowed,target_2_upper_straddle,7588.15,38.9,True,allowed,,,,,,2.8302434369304033,True,True,True,True,,,True,7,-199.8,63.0,237.6,00:25:44,109,True,1.25,-5.550000000000182,25.65,4.9,False,True,0.15,1.050000000000182,-5.550000000000182,1.25,48.625,48.30000000000018,False,False,,,0.02587991718426491,0.021739130434786293,0.0500000000001819,9.0,0.0500000000001819,9.0,True,0.4,0.4,,,,,,1.050000000000182,-5.550000000000182,1.050000000000182,-5.550000000000182,1.25,-5.550000000000182,1.25,-5.550000000000182
165,166,2026-07-02T08:13:28+00:00,2026-07-02T08:17:16+00:00,2026-07-02T04:13:28.0000000,2026-07-02T04:17:16.0000000,36.0,7483.0,7486.3,7486.3,118.80000000000655,228.0,3.8,2026-07-02T08:13:28+00:00,0.0,7482.75,7559.079275203257,41.75285218123731,21.814746738039435,-76.32927520325666,7556.0,7549.174115977859,0.026084568247569134,-0.03627138217414592,True,True,True,1704.0,7573.75,17.75,24.6,1.060965800695557,0.18472512006590333,True,2.5,True,True,3.0,1134.0,True,0.75,False,-7.0,False,5.75,True,0.08828344935542334,True,6.825884022140896,True,True,551.0,4.458357683747186,6.825884022140896,True,6.825884022140599,164221.0,,disabled,,38.0,0.0,3.260319499133792,7486.0,46.37912861084231,True,0.0,5.0,True,setup quality 46.38 <= 50.00; ES structure score 3 <= 3; ES structure higher-high -7.00 < 0.00; ES pullback from high 5.75 >= 5.00; RSI 41.75 <= 45.00,0.0,True,standard,1.0,VALID_0DTE,VALID_0DTE,True,False,False,valid 0DTE option strike map; option IV module disabled,pullback_long,pullback_long,True,True,"VALID_0DTE ordered router; ordered ES pullback: trendPrice=7556.00, ema=7559.08, distance=6.83, adx=21.81, rsi=41.75, structure=3",0.90,5,,,,,,,,,,,,,,,,,,,,,,,,,,,,,,,,,,,,,,True,disabled,2026-07-02T08:13:27.4913310Z,0.508669,7525.0,7525.0,62.4,0.0,7550.0,25.0,7587.4,62.4,7550.0,25.0,0.9268855368,0.9225946227,25.0,True,allowed,,,,True,allowed,,,,,,-3.0792752032569575,True,True,True,True,,,True,8,-102.6,135.0,102.6,00:03:48,17,True,3.75,-2.149999999999636,3.8,1.05,False,False,2.3,0.0,-2.149999999999636,3.75,3.260319499133792,3.0,True,False,3.8,3.05,1.25,0.0,-0.25,3.0,-0.25,3.0,False,2.55,2.55,3.05,3.3,3.8,,,3.75,-2.149999999999636,3.75,-2.149999999999636,3.75,-2.149999999999636,3.75,-2.149999999999636
167,168,2026-07-02T08:17:16+00:00,2026-07-02T08:23:51+00:00,2026-07-02T04:17:16.0000000,2026-07-02T04:23:51.0000000,36.0,7487.0,7490.3,7490.3,118.80000000000655,395.0,6.583333333333333,2026-07-02T08:17:16+00:00,0.0,7486.75,7557.847950307555,40.12559388494127,22.914055437343045,-71.09795030755504,7556.0,7549.289156374918,0.02900463359647932,0.0006568469588422245,True,True,True,1675.0,7573.75,17.75,28.4,0.777071922486763,0.25463351364563086,True,3.25,True,True,4.0,1109.0,True,0.0,False,-7.75,True,1.75,True,0.06976784193490593,True,6.710843625082036,True,True,525.0,3.506572655587434,6.710843625082036,True,6.710843625081907,167610.0,,disabled,,38.0,0.0,3.2194885464860907,7490.0,50.38532825792452,True,0.0,3.0,True,ES structure higher-low 0.00 < 0.25; ES structure higher-high -7.75 < 0.00; RSI 40.13 <= 45.00,0.0,True,standard,1.0,VALID_0DTE,VALID_0DTE,True,False,False,valid 0DTE option strike map; option IV module disabled,pullback_long,pullback_long,True,True,"VALID_0DTE ordered router; ordered ES pullback: trendPrice=7556.00, ema=7557.85, distance=6.71, adx=22.91, rsi=40.13, structure=4",0.90,5,,,,,,,,,,,,,,,,,,,,,,,,,,,,,,,,,,,,,,True,disabled,2026-07-02T08:17:13.1487610Z,2.851239,7528.0,7530.0,63.15,-0.03167062549,7550.0,22.0,7591.15,63.15,7550.0,22.0,0.9273582133,0.9233654908,22.0,True,allowed,,,,True,allowed,,,,,,-1.8479503075552364,True,True,True,True,,,True,8,-73.8,135.0,73.8,00:06:35,28,True,3.300000000000182,-2.050000000000182,6.583333333333333,1.7666666666666666,False,False,2.2666666666666666,0.0,-2.050000000000182,3.300000000000182,3.2194885464860907,3.0,True,False,6.016666666666667,3.7666666666666666,1.1000000000000607,0.0,-0.25,1.0,-0.25,1.0,False,3.7666666666666666,3.7666666666666666,3.7666666666666666,3.7666666666666666,6.016666666666667,,,2.449999999999818,-2.050000000000182,3.300000000000182,-2.050000000000182,3.300000000000182,-2.050000000000182,3.300000000000182,-2.050000000000182
169,170,2026-07-02T08:23:56+00:00,2026-07-02T11:42:16+00:00,2026-07-02T04:23:56.0000000,2026-07-02T07:42:16.0000000,36.0,7492.0,7504.5,7504.5,450.0,11900.0,198.33333333333334,2026-07-02T08:23:56+00:00,0.0,7491.75,7558.121326948704,55.57039039612221,17.347511663845253,-66.37132694870434,7560.25,7549.55815453499,0.043318673207046667,0.013028291893773839,True,True,True,1637.0,7567.75,7.5,29.7,2.3167194766771395,-0.834981566024668,True,7.5,True,True,3.0,1055.0,False,-0.75,False,-1.25,True,0.25,True,0.04000540986528495,True,10.691845465010672,True,True,507.0,3.506572655587434,10.691845465010672,True,10.691845465010374,172867.0,,disabled,,42.0,0.0,12.0,7503.8,58.34038768204815,True,0.0,4.0,True,ES structure score 3 <= 3; ES structure higher-low -0.75 < 0.25; ES structure higher-high -1.25 < 0.00; ADX 17.35 <= 18.00,0.0,True,standard,1.0,VALID_0DTE,VALID_0DTE,True,False,False,valid 0DTE option strike map; option IV module disabled,charm_wall_breakaway_long,charm_wall_breakaway_long,True,True,"charm-wall breakaway: price=7560.25, charmWall=7550.00, distance=10.25, breakoutConfirmed=True, negativeGamma=False, netCharm30m=-9139009",1.25,12,,,,,,,,,,,,,,,,,,,,,,,,,,,,,,,,,,,,,,True,disabled,2026-07-02T08:23:54.3232750Z,1.676725,7532.75,7535.0,62.5,-0.036,7550.0,17.25,7595.25,62.5,7550.0,17.25,0.92714344,0.9230303807,17.25,True,allowed,target_2_upper_straddle,7595.25,35.0,True,allowed,,,,,,2.128673051295429,True,True,True,True,,,True,8,-91.8,462.6,460.8,03:18:20,2005,True,12.5,-2.25,198.33333333333334,100.85,False,True,0.6,9.949999999999818,-2.25,12.5,12.0,11.800000000000182,True,False,194.6,10.35,1.0593220338982887,0.8432203389830224,-0.25,6.0,-0.25,6.0,False,1.85,2.35,2.6,2.6,3.85,7.35,7.6,3.449999999999818,-0.25,8.350000000000364,-0.25,9.949999999999818,-0.25,9.949999999999818,-0.25
171,172,2026-07-03T01:03:02+00:00,2026-07-03T01:03:56+00:00,2026-07-02T21:03:02.0000000,2026-07-02T21:03:56.0000000,36.0,7493.8,7496.9,7496.9,111.59999999998035,54.0,0.9,2026-07-03T01:03:02+00:00,0.0,7493.55,7554.035405577399,81.88191765961054,26.129942438196828,-60.485405577398524,7556.5,7553.375534357188,0.015634127079552147,0.014478181257396104,True,True,True,615.0,7556.75,0.25,0.15,4.34254472226729,1.351327223812598,True,4.25,True,True,4.0,411.0,True,0.75,True,1.75,True,0.25,False,0.00278851636962818,True,3.124465642811906,True,True,186.0,-1.0423520080153628,3.124465642811906,True,3.1244656428116286,12632.0,,disabled,,45.0,0.0,3.0,7496.6,58.54755016766283,True,0.0,1.0,True,RSI 81.88 >= 70.00,0.0,True,standard,1.0,VALID_1DTE_ONLY,VALID_1DTE_ONLY,False,True,False,0DTE expired after 16:00:00,breakout_long_1dte,breakout_long_1dte,True,True,"0DTE expired after 16:00:00; 1DTE breakout context: 1DTE gamma/charm wall breakout acceptedWall=7550.00, gammaWall=7535.00, charmWall=7550.00, underlying=7535.00, callPut=0.9865, forwardDexRatio30m=0.0536, orderBookBullish=True, wallHL=Unknown, atm1DTE=7535.00, target1=7550.00, gammaWall1DTE=7535.00, charmWall1DTE=7550.00, forwardDEX30m1DTE=138880725",1.10,8,,,,,,,,,,,,,,,,,,,,,,,,,,,,,,,,,,,,,,True,disabled,2026-07-02T19:59:56.2603320Z,18185.739668,7529.0,7530.0,55.85,-0.01790510295,7550.0,21.0,7584.85,55.85,7530.0,1.0,0.3450488017,0.1739982083,1.0,True,allowed,,,,False,stale age=18185.74s max=600s,,,,,,2.464594422601231,True,True,True,True,,,True,1,-16.2,127.8,18.0,00:00:54,5,True,3.550000000000182,-0.25,0.9,0.0,False,False,0.48333333333333334,0.0,-0.25,3.550000000000182,3.0,2.800000000000182,True,False,0.9,0.7333333333333333,1.2678571428571255,0.0,-0.25,14.0,-0.25,14.0,False,0.48333333333333334,0.48333333333333334,0.7333333333333333,0.7333333333333333,0.9,,,3.550000000000182,-0.25,3.550000000000182,-0.25,3.550000000000182,-0.25,3.550000000000182,-0.25
173,174,2026-07-03T01:03:56+00:00,2026-07-03T01:05:31+00:00,2026-07-02T21:03:56.0000000,2026-07-02T21:05:31.0000000,36.0,7497.6,7500.7,7500.7,111.59999999998035,95.0,1.5833333333333333,2026-07-03T01:03:56+00:00,0.0,7497.35,7554.035405577399,81.88191765961054,26.129942438196828,-56.68540557739834,7557.25,7553.479169875251,0.03518109314014534,0.03340588364554444,True,True,True,624.0,7557.75,0.5,0.0166666666666667,4.34254472226729,1.351327223812598,True,5.0,True,True,4.0,433.0,True,0.75,True,2.75,True,0.5,False,0.008177133025475892,True,3.7708301247497307,True,True,209.0,-1.0423520080153628,3.7708301247497307,True,3.770830124749409,12986.0,,disabled,,45.0,0.0,3.0,7500.4,62.12595955868963,True,0.11810886437164606,1.0,True,RSI 81.88 >= 70.00,0.0,True,standard,1.0,VALID_1DTE_ONLY,VALID_1DTE_ONLY,False,True,False,0DTE expired after 16:00:00,breakout_long_1dte,breakout_long_1dte,True,True,"0DTE expired after 16:00:00; 1DTE breakout context: 1DTE gamma/charm wall breakout acceptedWall=7550.00, gammaWall=7535.00, charmWall=7550.00, underlying=7537.50, callPut=0.9876, forwardDexRatio30m=0.0838, orderBookBullish=True, wallHL=Unknown, atm1DTE=7535.00, target1=7550.00, gammaWall1DTE=7535.00, charmWall1DTE=7550.00, forwardDEX30m1DTE=221707068",1.10,8,,,,,,,,,,,,,,,,,,,,,,,,,,,,,,,,,,,,,,True,disabled,2026-07-02T19:59:56.2603320Z,18239.739668,7529.0,7530.0,55.85,-0.01790510295,7550.0,21.0,7584.85,55.85,7530.0,1.0,0.3450488017,0.1739982083,1.0,True,allowed,,,,False,stale age=18239.74s max=600s,,,,,,3.214594422601231,True,True,True,True,,,True,1,-9.0,142.2,30.6,00:01:35,8,True,3.949999999999818,-0.25,1.5833333333333333,0.0,False,False,0.08333333333333333,0.0,-0.25,3.949999999999818,3.0,2.7999999999992724,True,False,1.5833333333333333,1.3333333333333333,1.4107142857145873,0.0,0.25,5.0,0.25,5.0,True,0.5833333333333334,0.8333333333333334,1.5833333333333333,1.5833333333333333,1.5833333333333333,,,3.949999999999818,-0.25,3.949999999999818,-0.25,3.949999999999818,-0.25,3.949999999999818,-0.25
175,176,2026-07-03T01:05:31+00:00,2026-07-03T01:05:56+00:00,2026-07-02T21:05:31.0000000,2026-07-02T21:05:56.0000000,36.0,7501.8,7504.9,7504.9,111.59999999998035,25.0,0.4166666666666667,2026-07-03T01:05:31+00:00,0.0,7501.55,7554.709254905762,86.36594526913991,30.24444784945663,-53.15925490576137,7559.0,7553.615515564203,0.056425680462590465,0.048256484286871855,True,True,True,646.0,7559.25,0.25,0.1,3.6148584994112984,1.7727469747594624,True,6.5,True,True,5.0,464.0,True,1.0,True,4.25,True,0.25,True,0.01542468808742276,True,5.384484435797665,True,True,247.0,-0.7920666054586428,5.384484435797665,True,5.384484435797276,13364.0,,disabled,,45.0,0.0,3.0,7504.6,73.3950052148602,True,0.7441669563811228,1.0,True,RSI 86.37 >= 70.00,0.0,True,standard,1.0,VALID_1DTE_ONLY,VALID_1DTE_ONLY,False,True,False,0DTE expired after 16:00:00,breakout_long_1dte,breakout_long_1dte,True,True,"0DTE expired after 16:00:00; 1DTE breakout context: 1DTE gamma/charm wall breakout acceptedWall=7550.00, gammaWall=7535.00, charmWall=7550.00, underlying=7540.88, callPut=0.9879, forwardDexRatio30m=0.1261, orderBookBullish=True, wallHL=Unknown, atm1DTE=7540.00, target1=7550.00, gammaWall1DTE=7535.00, charmWall1DTE=7550.00, forwardDEX30m1DTE=344789169",1.10,8,,,,,,,,,,,,,,,,,,,,,,,,,,,,,,,,,,,,,,True,disabled,2026-07-02T19:59:56.2603320Z,18334.739668,7529.0,7530.0,55.85,-0.01790510295,7550.0,21.0,7584.85,55.85,7530.0,1.0,0.3450488017,0.1739982083,1.0,True,allowed,,,,False,stale age=18334.74s max=600s,,,,,,4.290745094238196,True,True,True,True,,,True,1,-9.0,127.8,16.2,00:00:25,4,True,3.550000000000182,-0.25,0.4166666666666667,0.0,False,False,0.26666666666666666,0.0,-0.25,3.550000000000182,3.0,2.800000000000182,True,False,0.4166666666666667,0.4166666666666667,1.2678571428571255,0.0,-0.25,1.0,-0.25,1.0,False,0.26666666666666666,0.4166666666666667,0.4166666666666667,0.4166666666666667,0.4166666666666667,,,3.550000000000182,-0.25,3.550000000000182,-0.25,3.550000000000182,-0.25,3.550000000000182,-0.25
177,178,2026-07-03T01:05:56+00:00,2026-07-03T01:19:06+00:00,2026-07-02T21:05:56.0000000,2026-07-02T21:19:06.0000000,36.0,7505.6,7506.6,7506.6,36.0,790.0,13.166666666666666,2026-07-03T01:05:56+00:00,0.0,7505.35,7554.709254905762,86.36594526913991,30.24444784945663,-49.35925490576119,7559.25,7553.641963354685,0.06040717580258703,0.05134515589227407,True,True,True,656.0,7559.75,0.5,0.266666666666667,3.6148584994112984,1.7727469747594624,True,6.25,True,True,5.0,466.0,True,1.5,True,4.75,True,0.5,True,0.016793595852640217,True,5.60803664531506,True,True,256.0,-0.29119436572762125,5.60803664531506,True,5.608036645315224,13426.0,,disabled,,45.0,0.0,3.0,7508.4,74.2157817253771,True,0.7897656514098385,1.0,True,RSI 86.37 >= 70.00,0.0,True,standard,1.0,VALID_1DTE_ONLY,VALID_1DTE_ONLY,False,True,False,0DTE expired after 16:00:00,breakout_long_1dte,breakout_long_1dte,True,True,"0DTE expired after 16:00:00; 1DTE breakout context: 1DTE gamma/charm wall breakout acceptedWall=7550.00, gammaWall=7525.00, charmWall=7550.00, underlying=7545.50, callPut=0.9882, forwardDexRatio30m=0.1796, orderBookBullish=True, wallHL=WallRollover, atm1DTE=7545.00, target1=7550.00, gammaWall1DTE=7525.00, charmWall1DTE=7550.00, forwardDEX30m1DTE=511092553",1.10,8,,,,,,,,,,,,,,,,,,,,,,,,,,,,,,,,,,,,,,True,disabled,2026-07-02T19:59:56.2603320Z,18359.739668,7529.0,7530.0,55.85,-0.01790510295,7550.0,21.0,7584.85,55.85,7530.0,1.0,0.3450488017,0.1739982083,1.0,True,allowed,,,,False,stale age=18359.74s max=600s,,,,,,4.540745094238196,True,True,True,True,,,True,1,-73.8,106.2,180.0,00:13:10,55,True,1.949999999999818,-1.75,2.85,0.6,False,False,0.85,0.0,-1.75,1.949999999999818,3.0,2.7999999999992724,False,False,,2.1,0.6964285714286874,0.0,-0.0500000000001819,6.0,-0.0500000000001819,6.0,False,1.6,2.1,2.35,,,,,1.949999999999818,-1.75,1.949999999999818,-1.75,1.949999999999818,-1.75,1.949999999999818,-1.75
179,180,2026-07-03T01:32:34+00:00,2026-07-03T01:49:06+00:00,2026-07-02T21:32:34.0000000,2026-07-02T21:49:06.0000000,36.0,7507.8,7508.8,7508.8,36.0,992.0,16.533333333333335,2026-07-03T01:32:34+00:00,0.0,7507.45,7557.923397897244,50.815097459217526,24.335648832273158,-50.47339789724447,7559.5,7554.8646727389505,0.023486950591294856,0.010088106579541449,True,True,True,729.0,7561.25,1.75,22.7833333333333,1.4736970922636852,-1.7138492329173998,True,3.5,True,True,3.0,408.0,False,-2.0,False,-0.75,True,0.25,True,0.01941970543770187,True,4.635327261049804,True,True,225.0,1.2781829833984375,4.635327261049804,True,4.635327261049497,17127.0,,disabled,,45.0,0.0,3.0,7510.5,47.64881762463844,True,0.0,5.0,True,setup quality 47.65 <= 50.00; ES structure score 3 <= 3; ES structure higher-low -2.00 < 0.25; ES structure higher-high -0.75 < 0.00; ADX slope -1.7138 <= -1.0000,0.0,True,standard,1.0,VALID_1DTE_ONLY,VALID_1DTE_ONLY,False,True,False,0DTE expired after 16:00:00,breakout_long_1dte,breakout_long_1dte,True,True,"0DTE expired after 16:00:00; 1DTE breakout context: 1DTE gamma/charm wall breakout acceptedWall=7550.00, gammaWall=7525.00, charmWall=7550.00, underlying=7548.25, callPut=0.9874, forwardDexRatio30m=0.2496, orderBookBullish=True, wallHL=WallRejection, atm1DTE=7550.00, target1=7550.00, gammaWall1DTE=7525.00, charmWall1DTE=7550.00, forwardDEX30m1DTE=749782232",1.10,8,,,,,,,,,,,,,,,,,,,,,,,,,,,,,,,,,,,,,,True,disabled,2026-07-02T19:59:56.2603320Z,19957.739668,7529.0,7530.0,55.85,-0.01790510295,7550.0,21.0,7584.85,55.85,7530.0,1.0,0.3450488017,0.1739982083,1.0,True,allowed,,,,False,stale age=19957.74s max=600s,,,,,,1.5766021027558645,True,True,True,True,,,True,1,-70.2,55.8,115.2,00:16:32,87,True,1.25,-1.949999999999818,2.466666666666667,6.216666666666667,True,True,0.7166666666666667,1.25,-0.9499999999998181,1.25,3.0,2.699999999999818,False,False,,,0.46296296296299416,0.46296296296299416,-0.4499999999998181,13.0,-0.4499999999998181,13.0,False,0.9666666666666667,2.466666666666667,,,,,,1.25,-1.550000000000182,1.25,-1.949999999999818,1.25,-1.949999999999818,1.25,-1.949999999999818
181,182,2026-07-03T11:48:24+00:00,2026-07-03T12:00:16+00:00,2026-07-03T07:48:24.0000000,2026-07-03T08:00:16.0000000,18.0,7508.8,7511.9,7511.9,55.79999999999018,712.0,11.866666666666667,2026-07-03T11:48:24+00:00,0.0,7508.55,7556.901513436186,48.14656293132444,19.5231254998834,-48.351513436185996,7555.75,7554.689231639128,0.0023686216407172674,0.0007280064188383114,True,True,True,505.0,7559.0,3.25,3.3,-3.9657781082057557,0.1569968647757146,True,0.0,True,True,5.0,344.0,True,2.0,True,2.25,True,3.25,True,0.0012622050511456467,True,1.0607683608720235,True,True,170.0,1.0607683608720235,1.0607683608720235,True,1.0607683608723164,95502.0,,disabled,,38.0,0.0,3.0912031704555725,7511.6,43.51787466570432,True,0.0,3.0,True,setup quality 43.52 <= 50.00; ES VWAP cushion 1.06 <= 2.00; RSI slope -3.9658 <= -2.0000,0.0,True,standard,0.5,STALE_0DTE,STALE_0DTE,False,False,True,stale age=56907.74s max=600s,pullback_long_no_0dte,pullback_long_no_0dte,True,True,"STALE_0DTE routed fallback: stale age=56907.74s max=600s; no-0DTE configured profile: profile=pullback_long_no_0dte, distance=1.06, slope=0.0024, acceleration=0.0007, adx=19.52, rsi=48.15, structure=5, directionalEvidence=True",1,,,,,,,,,,,,,,,,,,,,,,,,,,,,,,,,,,,,,,,True,disabled,2026-07-02T19:59:56.2603320Z,56907.739668,7529.0,7530.0,55.85,-0.01790510295,7550.0,21.0,7584.85,55.85,7530.0,1.0,0.3450488017,0.1739982083,1.0,True,allowed,,,,False,stale age=56907.74s max=600s,,,,,,-1.1515134361858637,True,True,True,True,,,True,11,-13.5,55.8,19.8,00:11:52,48,True,3.0999999999994543,-0.75,11.866666666666667,0.38333333333333336,False,False,2.1333333333333333,0.0,-0.75,3.0999999999994543,3.0912031704555725,2.800000000000182,True,False,11.866666666666667,5.883333333333334,1.1071428571425903,0.0,-0.5500000000001819,8.0,-0.5500000000001819,8.0,False,5.133333333333334,5.883333333333334,5.883333333333334,6.883333333333334,11.866666666666667,,,0.25,-0.75,3.0999999999994543,-0.75,3.0999999999994543,-0.75,3.0999999999994543,-0.75
183,184,2026-07-06T02:17:44+00:00,2026-07-06T04:31:11+00:00,2026-07-05T22:17:44.0000000,2026-07-06T00:31:11.0000000,36.0,7506.3,7507.3,7507.3,36.0,8007.0,133.45,2026-07-06T02:17:44+00:00,0.0,7505.95,7555.890809369935,59.09430488488503,24.43347057689116,-49.94080936993487,7557.5,7548.77196969697,0.04681553901601868,0.013247245082289019,True,True,True,680.0,7557.75,0.25,2.06666666666667,-1.3304913570614534,-1.0532651792718397,True,2.25,True,True,5.0,523.0,True,2.75,True,0.0,True,0.25,True,0.04104990990519542,True,8.728030303030303,True,True,236.0,6.602374471742712,8.728030303030303,True,8.72803030303021,28380.0,,disabled,,45.0,0.0,3.0,7509.0,68.26702643249882,True,0.4592792462499344,1.0,True,ADX slope -1.0533 <= -1.0000,0.0,True,standard,1.0,VALID_1DTE_ONLY,VALID_1DTE_ONLY,False,True,False,0DTE expired after 16:00:00,breakout_long_1dte,breakout_long_1dte,True,True,"0DTE expired after 16:00:00; 1DTE breakout context: 1DTE gamma/charm wall breakout acceptedWall=7550.00, gammaWall=7550.00, charmWall=7590.00, underlying=7547.75, callPut=0.9817, forwardDexRatio30m=0.7880, orderBookBullish=True, wallHL=WallRejection, atm1DTE=7550.00, target1=7550.00, gammaWall1DTE=7550.00, charmWall1DTE=7590.00, forwardDEX30m1DTE=1424306",1.10,8,,,,,,,,,,,,,,,,,,,,,,,,,,,,,,,,,,,,,,True,disabled,2026-07-06T02:17:41.3036070Z,2.696393,7547.75,7550.0,59.825,-0.03760969494,7550.0,2.25,7607.575,59.825,7550.0,2.25,0.9816513761,0.9778918994,2.25,True,allowed,,,,True,allowed,,,,,,1.6091906300653285,True,True,True,True,,,True,2,-365.4,81.0,446.4,02:13:27,540,True,2.25,-10.050000000000182,4.283333333333333,96.53333333333333,True,True,0.2833333333333333,2.25,-0.75,1.25,3.0,2.699999999999818,False,False,,3.783333333333333,0.8333333333333894,0.8333333333333894,-0.25,2.0,-0.25,2.0,False,0.2833333333333333,0.2833333333333333,4.283333333333333,4.283333333333333,,,,2.25,-0.75,2.25,-3.25,2.25,-7.25,2.25,-8.050000000000182
185,186,2026-07-06T05:55:38+00:00,2026-07-06T06:33:36+00:00,2026-07-06T01:55:38.0000000,2026-07-06T02:33:36.0000000,18.0,7510.0,7511.0,7511.0,18.0,2278.0,37.96666666666667,2026-07-06T05:55:38+00:00,0.0,7509.75,7562.067663059691,47.492034148100224,26.645705542237614,-52.31766305969086,7562.0,7554.81410316464,0.009214361557306618,0.0006043671666955335,True,True,True,526.0,7565.75,3.75,18.3833333333333,1.7543635571280038,0.34322516420042076,True,2.5,True,True,4.0,378.0,True,0.25,False,-3.75,True,0.0,True,0.011479884356001202,True,7.185896835360027,True,True,198.0,4.772519656626277,7.185896835360027,True,7.185896835359927,53371.0,,disabled,,38.0,0.0,4.0,7513.8,54.55069488315873,True,0.0,1.0,True,ES structure higher-high -3.75 < 0.00,0.0,True,standard,0.5,STALE_0DTE,STALE_0DTE,False,False,True,stale age=7842.55s max=600s,pullback_long_no_0dte,pullback_long_no_0dte,True,True,"STALE_0DTE routed fallback: stale age=7842.55s max=600s; no-0DTE configured profile: profile=pullback_long_no_0dte, distance=7.19, slope=0.0092, acceleration=0.0006, adx=26.65, rsi=47.49, structure=4, directionalEvidence=True",1,,,,,,,,,,,,,,,,,,,,,,,,,,,,,,,,,,,,,,,True,disabled,2026-07-06T03:44:55.4543150Z,7842.545685,7542.25,7540.0,56.25,0.04,7550.0,7.75,7598.5,56.25,7545.0,2.75,1.0,0.9549920146,2.75,True,allowed,,,,False,stale age=7842.55s max=600s,,,,,,-0.0676630596913068,True,True,True,True,,,True,5,-103.5,26.1,104.4,00:37:58,154,True,1.050000000000182,-5.75,37.88333333333333,18.383333333333333,False,False,37.63333333333333,0.0,-5.75,1.050000000000182,4.0,3.800000000000182,False,False,,,0.2763157894737189,0.0,-0.5500000000001819,8.0,-0.5500000000001819,8.0,False,37.88333333333333,37.88333333333333,,,,,,0.0,-1.949999999999818,0.0,-3.449999999999818,0.0,-5.75,1.050000000000182,-5.75
187,188,2026-07-06T06:48:30+00:00,2026-07-06T07:04:51+00:00,2026-07-06T02:48:30.0000000,2026-07-06T03:04:51.0000000,18.0,7512.0,7513.0,7513.0,18.0,981.0,16.35,2026-07-06T06:48:30+00:00,0.0,7511.75,7561.113479797345,69.68841008055954,17.784069079128177,-49.36347979734455,7561.0,7555.5231338449275,0.016022446864477246,0.008351025800996578,True,True,True,707.0,7563.0,2.0,24.4166666666667,4.9668739736037715,-0.16612516161850485,True,1.5,True,True,5.0,466.0,True,0.0,True,0.25,True,1.75,True,0.012281081410124564,True,5.476866155072752,True,True,215.0,4.067124120119511,5.476866155072752,True,5.476866155072457,60204.0,,disabled,,38.0,0.0,4.0,7515.8,58.85067463222124,True,0.0,2.0,True,ES structure higher-low 0.00 < 0.25; ADX 17.78 <= 18.00,0.0,True,standard,0.5,STALE_0DTE,STALE_0DTE,False,False,True,stale age=11014.55s max=600s,pullback_long_no_0dte,pullback_long_no_0dte,True,True,"STALE_0DTE routed fallback: stale age=11014.55s max=600s; no-0DTE configured profile: profile=pullback_long_no_0dte, distance=5.48, slope=0.0160, acceleration=0.0084, adx=17.78, rsi=69.69, structure=5, directionalEvidence=True",1,,,,,,,,,,,,,,,,,,,,,,,,,,,,,,,,,,,,,,,True,disabled,2026-07-06T03:44:55.4543150Z,11014.545685,7542.25,7540.0,56.25,0.04,7550.0,7.75,7598.5,56.25,7545.0,2.75,1.0,0.9549920146,2.75,True,allowed,,,,False,stale age=11014.55s max=600s,,,,,,-0.11347979734477207,True,True,True,True,,,True,6,-26.1,27.9,36.0,00:16:21,68,True,1.25,-1.449999999999818,16.266666666666666,5.516666666666667,False,True,2.7666666666666666,0.5500000000001819,-1.449999999999818,1.25,4.0,3.800000000000182,False,False,,,0.3289473684210369,0.1447368421053041,-0.25,1.0,-0.25,1.0,False,3.0166666666666666,16.183333333333334,,,,,,0.5500000000001819,-0.75,0.5500000000001819,-1.449999999999818,1.25,-1.449999999999818,1.25,-1.449999999999818
189,190,2026-07-06T08:31:19+00:00,2026-07-06T09:53:11+00:00,2026-07-06T04:31:19.0000000,2026-07-06T05:53:11.0000000,36.0,7520.0,7521.0,7521.0,36.0,4912.0,81.86666666666666,2026-07-06T08:31:19+00:00,0.0,7519.65,7557.820728880167,87.84973313825657,27.993507454639182,-38.17072888016719,7570.5,7558.590160992617,0.37954695737137156,0.3938468329513107,True,True,True,1178.0,7572.75,2.25,0.133333333333333,8.901968637563474,0.5475803853380118,True,18.25,True,True,4.0,874.0,False,-0.25,True,14.5,True,2.25,True,0.08599044649519555,True,11.9098390073831,True,True,464.0,-4.493576951178286,11.9098390073831,True,11.909839007383198,117024.0,,disabled,,48.0,0.0,6.0,7525.7,75.90594348016661,True,0.8836635266759229,2.0,True,ES structure higher-low -0.25 < 0.25; RSI 87.85 >= 70.00,0.0,True,standard,1.0,STALE_0DTE,STALE_0DTE,False,False,True,stale age=17183.55s max=600s,breakout_long_no_0dte,breakout_long_no_0dte,True,True,"STALE_0DTE routed fallback: stale age=17183.55s max=600s; no-0DTE configured profile: profile=breakout_long_no_0dte, distance=11.91, slope=0.3795, acceleration=0.3938, adx=27.99, rsi=87.85, structure=4, directionalEvidence=True",1,,,,,,,,,,,,,,,,,,,,,,,,,,,,,,,,,,,,,,,True,disabled,2026-07-06T03:44:55.4543150Z,17183.545685,7542.25,7540.0,56.25,0.04,7550.0,7.75,7598.5,56.25,7545.0,2.75,1.0,0.9549920146,2.75,True,allowed,,,,False,stale age=17183.55s max=600s,,,,,,12.679271119832727,True,True,True,True,,,True,8,-171.0,73.8,216.0,01:21:52,344,True,1.25,-4.550000000000182,81.78333333333333,78.45,False,True,9.45,1.050000000000182,-4.550000000000182,1.25,6.0,5.699999999999818,False,False,,,0.2192982456140421,0.18421052631582727,-0.75,12.0,-0.75,12.0,False,27.2,27.366666666666667,,,,,,0.0,-2.949999999999818,0.0500000000001819,-3.949999999999818,1.050000000000182,-3.949999999999818,1.050000000000182,-3.949999999999818
191,192,2026-07-06T12:47:00+00:00,2026-07-06T12:59:00+00:00,2026-07-06T08:47:00.0000000,2026-07-06T08:59:00.0000000,36.0,7518.3,7519.8,7519.3,54.0,720.0,12.0,2026-07-06T12:47:00+00:00,0.0,7518.05,7582.287196067768,47.464210445864744,38.60853967542926,-64.2371960677674,7581.5,7573.549215385475,0.0212940014646539,0.0031570897074812256,True,True,True,1595.0,7592.75,11.25,29.8333333333333,4.393658336840555,0.5736262539679207,True,6.0,True,True,3.0,1116.0,False,-5.75,False,-6.5,True,1.75,True,0.026778090305457646,True,7.95078461452547,True,True,567.0,2.0340791538473106,7.95078461452547,True,7.950784614525219,608834.0,,disabled,,38.0,0.0,3.6,7521.7,56.3234111017424,True,0.0,3.0,True,ES structure score 3 <= 3; ES structure higher-low -5.75 < 0.25; ES structure higher-high -6.50 < 0.00,0.0,True,standard,1.0,VALID_0DTE,VALID_0DTE,True,False,False,valid 0DTE option strike map; option IV module disabled,pullback_long,pullback_long,True,True,"VALID_0DTE ordered router; ordered ES pullback: trendPrice=7581.50, ema=7582.29, distance=7.95, adx=38.61, rsi=47.46, structure=3",0.90,5,,,,,,,,,,,,,,,,,,,,,,,,,,,,,,,,,,,,,,True,disabled,2026-07-06T12:46:59.8339570Z,0.166043,7560.0,7560.0,55.2,0.0,7575.0,15.0,7615.2,55.2,7565.0,5.0,1.0,0.9350551695,5.0,True,allowed,,,,True,allowed,,,,,,-0.787196067767996,True,True,True,True,,,True,12,-37.8,81.0,46.8,00:12:00,50,True,2.25,-1.050000000000182,8.016666666666667,3.5166666666666666,False,False,4.016666666666667,0.0,-1.050000000000182,2.25,3.6,3.399999999999636,False,False,,5.516666666666667,0.6617647058824238,0.0,-0.5500000000001819,1.0,-0.5500000000001819,1.0,False,5.266666666666667,5.266666666666667,5.516666666666667,8.016666666666667,,,,0.4499999999998181,-1.050000000000182,2.25,-1.050000000000182,2.25,-1.050000000000182,2.25,-1.050000000000182
193,194,2026-07-06T13:00:00+00:00,2026-07-06T13:29:56+00:00,2026-07-06T09:00:00.0000000,2026-07-06T09:29:56.0000000,36.0,7520.8,7521.8,7521.8,36.0,1796.0,29.933333333333334,2026-07-06T13:00:00+00:00,0.0,7520.55,7580.8587183492655,45.98934726854421,26.746498836792505,-60.30871834926529,7580.0,7573.752668642552,0.01212880310025076,-0.0053562097728371534,True,True,True,1635.0,7586.75,6.75,29.8666666666667,8.941978314759686,-0.28608518083009876,True,2.0,True,True,5.0,1075.0,True,2.5,True,1.25,True,4.25,True,0.01715677375046182,True,6.247331357448712,True,True,513.0,4.261900966783343,6.247331357448712,True,6.2473313574482745,625880.0,,disabled,,38.0,0.0,3.3254774404349003,7523.9,57.208159485688356,True,0.0,0.0,True,no entry-veto points,0.0,True,standard,1.0,VALID_0DTE,VALID_0DTE,True,False,False,valid 0DTE option strike map; option IV module disabled,pullback_long,pullback_long,True,True,"VALID_0DTE ordered router; ordered ES pullback: trendPrice=7580.00, ema=7580.86, distance=6.25, adx=26.75, rsi=45.99, structure=5",0.90,5,,,,,,,,,,,,,,,,,,,,,,,,,,,,,,,,,,,,,,True,disabled,2026-07-06T12:59:56.2798630Z,3.720137,7562.5,7560.0,53.025,0.0471475719,7575.0,12.5,7615.525,53.025,7565.0,2.5,1.0,0.9371414403,2.5,True,allowed,,,,True,allowed,,,,,,-0.8587183492658895,True,True,True,True,,,True,13,-379.8,70.2,396.0,00:29:56,122,True,1.949999999999818,-10.550000000000182,29.933333333333334,22.016666666666666,False,True,0.26666666666666666,0.4499999999998181,-10.550000000000182,1.949999999999818,3.3254774404349003,3.0999999999994543,False,False,,29.933333333333334,0.6290322580645682,0.14516129032254751,-0.0500000000001819,1.0,-0.0500000000001819,1.0,False,29.933333333333334,29.933333333333334,29.933333333333334,,,,,0.4499999999998181,-6.050000000000182,0.4499999999998181,-7.75,1.949999999999818,-10.550000000000182,1.949999999999818,-10.550000000000182
195,196,2026-07-06T18:28:51+00:00,2026-07-06T18:46:11+00:00,2026-07-06T14:28:51.0000000,2026-07-06T14:46:11.0000000,18.0,7552.8,7553.8,7553.8,18.0,1040.0,17.333333333333332,2026-07-06T18:28:51+00:00,0.0,7552.6,7593.894002295865,49.234479039699956,29.069522526746823,-41.29400229586463,7593.5,7580.279312070699,0.0006638411820674998,-0.000527478476418402,True,True,True,491.0,7598.0,4.5,25.65,4.344423357295572,-0.33879340184314494,True,1.75,True,True,3.0,338.0,False,-1.25,False,-3.25,True,0.5,True,0.001042989650084395,True,13.220687929301164,True,True,188.0,11.476781163267313,13.220687929301164,True,13.220687929300766,926069.0,,disabled,,38.0,0.0,2.4,7555.0,55.60266504647936,True,0.0,3.0,True,ES structure score 3 <= 3; ES structure higher-low -1.25 < 0.25; ES structure higher-high -3.25 < 0.00,0.0,True,standard,0.5,VALID_0DTE,VALID_0DTE,True,False,False,valid 0DTE option strike map; option IV module disabled,charm_pin_pullback_long,charm_pin_pullback_long,True,True,"positive gamma/charm pin pullback: expectedMovePosition=0.0348, netCharm30m=1430399, lowerFade=False, pullback=True, dynamicMaxVwapDistance=12.58",0.80,3,,,,,,,,,,,,,,,,,,,,,,,,,,,,,,,,,,,,,,True,disabled,2026-07-06T18:28:49.3182990Z,1.681701,7591.75,7590.0,50.325,0.0347739692,7600.0,8.25,7642.075,50.325,7600.0,8.25,0.8111587983,0.9238584296,8.25,True,allowed,,,,True,allowed,,,,,,-0.39400229586496793,True,True,True,True,,,True,18,-57.6,27.0,84.6,00:17:20,71,True,1.5,-3.0,2.9166666666666665,10.416666666666666,True,True,0.16666666666666666,1.5,-0.1999999999998181,1.0,2.4,2.199999999999818,False,False,,2.9166666666666665,0.6818181818182382,0.6818181818182382,0.5,10.0,0.5,10.0,True,0.16666666666666666,2.9166666666666665,2.9166666666666665,,,,,1.5,-1.0,1.5,-3.0,1.5,-3.0,1.5,-3.0
197,198,2026-07-06T19:01:00+00:00,2026-07-06T19:18:01+00:00,2026-07-06T15:01:00.0000000,2026-07-06T15:18:01.0000000,36.0,7558.0,7559.1,7559.0,39.6000000000131,1021.0,17.016666666666666,2026-07-06T19:01:00+00:00,0.0,7557.8,7587.137931372352,47.25907175824438,58.58915423545855,-29.337931372351704,7586.75,7580.316012566712,0.0010793557084629564,0.00033922094501258424,True,True,True,722.0,7593.0,6.25,28.6833333333333,7.0946262374972155,0.25119508005139696,True,3.25,True,True,3.0,596.0,False,-1.75,False,-3.75,True,0.75,True,0.0014862870322584446,True,6.433987433288357,True,True,301.0,3.1856337148825693,6.433987433288357,True,6.433987433288166,930872.0,,disabled,,38.0,0.0,3.6,7561.4,51.65133384450443,True,0.0,3.0,True,ES structure score 3 <= 3; ES structure higher-low -1.75 < 0.25; ES structure higher-high -3.75 < 0.00,0.0,True,standard,1.0,VALID_0DTE,VALID_0DTE,True,False,False,valid 0DTE option strike map; option IV module disabled,pullback_long,pullback_long,True,True,"VALID_0DTE ordered router; ordered ES pullback: trendPrice=7586.75, ema=7587.14, distance=6.43, adx=58.59, rsi=47.26, structure=3",0.90,5,,,,,,,,,,,,,,,,,,,,,,,,,,,,,,,,,,,,,,True,disabled,2026-07-06T19:00:59.6583250Z,0.341675,7596.75,7595.0,50.15,0.03489531406,7600.0,3.25,7646.9,50.15,7600.0,3.25,0.749112426,0.9058721513,3.25,True,allowed,,,,True,allowed,,,,,,-0.3879313723520118,True,True,True,True,,,True,19,-79.2,46.8,126.0,00:17:01,75,True,1.300000000000182,-2.199999999999818,17.016666666666666,14.266666666666667,False,True,0.7666666666666667,1.1000000000003638,-2.199999999999818,1.300000000000182,3.6,3.399999999999636,False,False,,,0.382352941176565,0.3235294117648475,-0.6999999999998181,1.0,-0.6999999999998181,1.0,False,1.0166666666666666,1.0166666666666666,,,,,,1.1000000000003638,-1.199999999999818,1.1000000000003638,-2.199999999999818,1.300000000000182,-2.199999999999818,1.300000000000182,-2.199999999999818
199,200,2026-07-06T19:48:01+00:00,2026-07-06T22:23:26+00:00,2026-07-06T15:48:01.0000000,2026-07-06T18:23:26.0000000,36.0,7560.0,7561.0,7561.0,36.0,9325.0,155.41666666666666,2026-07-06T19:48:01+00:00,0.0,7559.8,7586.993990950106,50.48743385537082,19.995182204569005,-27.193990950106127,7586.75,7580.409188180556,0.00154108744518825,0.0006058948210191259,True,True,True,1227.0,7595.0,8.25,21.9333333333333,4.086285922821789,-1.3066125438828828,True,3.25,True,True,3.0,801.0,False,-0.5,False,-4.0,True,1.25,True,0.0016279865341826561,True,6.340811819443692,True,True,422.0,3.1027955860735874,6.340811819443692,True,6.340811819443843,941601.0,,disabled,,38.0,0.0,3.342241122314243,7563.1,46.36154457218582,True,0.0,5.0,True,setup quality 46.36 <= 50.00; ES structure score 3 <= 3; ES structure higher-low -0.50 < 0.25; ES structure higher-high -4.00 < 0.00; ADX slope -1.3066 <= -1.0000,0.0,True,standard,1.0,VALID_0DTE,VALID_0DTE,True,False,False,valid 0DTE option strike map; option IV module disabled,pullback_long,pullback_long,True,True,"VALID_0DTE ordered router; ordered ES pullback: trendPrice=7586.75, ema=7586.99, distance=6.34, adx=20.00, rsi=50.49, structure=3",0.90,5,,,,,,,,,,,,,,,,,,,,,,,,,,,,,,,,,,,,,,True,disabled,2026-07-06T19:47:57.4025480Z,3.597452,7599.25,7600.0,52.05,-0.0144092219,7600.0,0.75,7651.3,52.05,7600.0,0.75,0.614159292,0.8811721678,0.75,True,allowed,,,,True,allowed,,,,,,-0.24399095010613459,True,True,True,True,,,True,19,-403.2,48.6,403.2,02:35:25,374,True,1.3500000000003638,-11.199999999999818,155.33333333333334,7.016666666666667,False,False,147.0,0.0,-11.199999999999818,1.3500000000003638,3.342241122314243,3.100000000000364,False,False,,,0.43548387096780816,0.0,-0.1999999999998181,1.0,-0.1999999999998181,1.0,False,151.25,154.0,,,,,,0.0,-6.199999999999818,0.0,-11.199999999999818,0.0,-11.199999999999818,0.0,-11.199999999999818
201,202,2026-07-07T05:07:27+00:00,2026-07-07T05:31:06+00:00,2026-07-07T01:07:27.0000000,2026-07-07T01:31:06.0000000,36.0,7527.2,7528.2,7528.2,36.0,1419.0,23.65,2026-07-07T05:07:27+00:00,0.0,7526.95,7582.415524125381,55.928354710687806,12.63011389822003,-55.46552412538131,7582.25,7574.648842054195,0.031104153975177556,0.012976904469378174,True,True,True,687.0,7584.5,2.25,1.13333333333333,-2.319495649705083,0.2905245742732284,True,0.75,True,True,5.0,456.0,True,1.5,True,1.75,True,2.25,True,0.017664480189769752,True,7.601157945805568,True,True,252.0,7.091292959234584,7.601157945805568,True,7.601157945805426,70081.0,,disabled,,38.0,0.0,3.5810481197087785,7530.5,54.9018622074269,True,0.0,2.0,True,RSI slope -2.3195 <= -2.0000; ADX 12.63 <= 18.00,0.0,True,standard,1.0,VALID_0DTE,VALID_0DTE,True,False,False,valid 0DTE option strike map; option IV module disabled,pullback_long,pullback_long,True,True,"VALID_0DTE ordered router; ordered ES pullback: trendPrice=7582.25, ema=7582.42, distance=7.60, adx=12.63, rsi=55.93, structure=5",0.90,5,,,,,,,,,,,,,,,,,,,,,,,,,,,,,,,,,,,,,,True,disabled,2026-07-07T05:07:22.0336440Z,4.966356,7566.5,7565.0,52.05,0.0288184438,7575.0,8.5,7618.55,52.05,7590.0,23.5,0.7931034483,0.947807679,23.5,True,allowed,target_3_call_volume,7590.0,6.75,True,allowed,,,,,,-0.16552412538105846,True,True,True,True,,,True,5,-124.2,63.0,140.4,00:23:39,97,True,1.75,-3.449999999999818,23.65,20.566666666666666,False,True,0.31666666666666665,0.25,-3.449999999999818,1.75,3.5810481197087785,3.300000000000182,False,False,,23.65,0.5303030303030011,0.07575757575757158,-0.25,4.0,-0.25,4.0,False,23.316666666666666,23.65,23.65,,,,,0.25,-1.25,0.25,-2.25,1.75,-3.449999999999818,1.75,-3.449999999999818
203,204,2026-07-07T05:47:00+00:00,2026-07-07T05:56:41+00:00,2026-07-07T01:47:00.0000000,2026-07-07T01:56:41.0000000,36.0,7531.7,7534.8,7534.8,111.6000000000131,581.0,9.683333333333334,2026-07-07T05:47:00+00:00,0.0,7531.45,7579.597194339447,49.202027459589566,24.35933819701058,-48.147194339447196,7579.5,7575.127820981005,0.004651007906340579,-0.0017321633271468867,True,True,True,660.0,7583.25,3.75,26.5333333333333,2.8971273189209295,-0.0345075563092966,True,1.25,True,True,4.0,419.0,True,0.0,False,-3.0,True,0.0,True,0.007326626612110462,True,4.372179018994824,True,True,198.0,3.148720696406837,4.372179018994824,True,4.372179018994757,76126.0,,disabled,,38.0,0.0,3.0244279142149924,7534.5,50.706649598906,True,0.0,2.0,True,ES structure higher-low 0.00 < 0.25; ES structure higher-high -3.00 < 0.00,0.0,True,standard,1.0,VALID_0DTE,VALID_0DTE,True,False,False,valid 0DTE option strike map; option IV module disabled,pullback_long,pullback_long,True,True,"VALID_0DTE ordered router; ordered ES pullback: trendPrice=7579.50, ema=7579.60, distance=4.37, adx=24.36, rsi=49.20, structure=4",0.90,5,,,,,,,,,,,,,,,,,,,,,,,,,,,,,,,,,,,,,,True,disabled,2026-07-07T05:46:56.5860380Z,3.413962,7570.75,7570.0,52.2,0.01436781609,7575.0,4.25,7622.95,52.2,7590.0,19.25,0.7966101695,0.9459399787,19.25,True,allowed,target_3_call_volume,7590.0,10.5,True,allowed,,,,,,-0.09719433944668208,True,True,True,True,,,True,5,-88.2,117.0,97.2,00:09:41,40,True,3.25,-2.449999999999818,9.516666666666667,2.0166666666666666,False,True,0.016666666666666666,0.0500000000001819,-2.449999999999818,3.25,3.0244279142149924,2.800000000000182,True,False,9.016666666666667,8.516666666666667,1.1607142857142103,0.01785714285720666,0.0500000000001819,1.0,0.0500000000001819,1.0,True,5.016666666666667,7.766666666666667,8.516666666666667,8.516666666666667,9.016666666666667,,,0.25,-2.449999999999818,3.25,-2.449999999999818,3.25,-2.449999999999818,3.25,-2.449999999999818
205,206,2026-07-07T06:29:20+00:00,2026-07-07T06:41:20+00:00,2026-07-07T02:29:20.0000000,2026-07-07T02:41:20.0000000,36.0,7532.2,7533.3,7533.2,39.6000000000131,720.0,12.0,2026-07-07T06:29:20+00:00,0.0,7531.95,7576.447057336955,56.847267529251745,26.29752120951662,-44.49705733695555,7576.25,7575.158996571016,0.006251401482319902,0.0027585287295980553,True,True,True,911.0,7578.25,2.0,4.08333333333333,-2.1883608800656478,0.8222364685051426,True,0.0,True,True,5.0,540.0,True,4.0,True,0.75,True,2.0,True,0.0022366207566545536,True,1.0910034289839379,True,True,225.0,1.0910034289839379,1.0910034289839379,True,1.0910034289836403,88656.0,,disabled,,38.0,0.0,2.6349069547680224,7534.6,53.41558689459294,True,0.0,2.0,True,ES VWAP cushion 1.09 <= 2.00; RSI slope -2.1884 <= -2.0000,0.0,True,standard,1.0,VALID_0DTE,VALID_0DTE,True,False,False,valid 0DTE option strike map; option IV module disabled,pullback_long,pullback_long,True,True,"VALID_0DTE ordered router; ordered ES pullback: trendPrice=7576.25, ema=7576.45, distance=1.09, adx=26.30, rsi=56.85, structure=5",0.90,5,,,,,,,,,,,,,,,,,,,,,,,,,,,,,,,,,,,,,,True,disabled,2026-07-07T06:29:17.7306540Z,2.269346,7571.25,7570.0,51.35,0.02434274586,7575.0,3.75,7622.6,51.35,7575.0,3.75,1.0,0.9484271692,3.75,True,allowed,target_2_upper_straddle,7622.6,46.1,True,allowed,,,,,,-0.19705733695543723,True,True,True,True,,,True,6,-88.2,55.8,88.2,00:12:00,50,True,1.449999999999818,-1.75,11.933333333333334,0.9333333333333333,False,False,7.933333333333334,0.0,-1.75,1.449999999999818,2.6349069547680224,2.4000000000005457,False,False,,9.683333333333334,0.6041666666664535,0.0,-0.25,11.0,-0.25,11.0,False,7.933333333333334,9.183333333333334,,,,,,0.0,-1.75,1.449999999999818,-1.75,1.449999999999818,-1.75,1.449999999999818,-1.75
207,208,2026-07-07T08:12:49+00:00,2026-07-07T08:18:06+00:00,2026-07-07T04:12:49.0000000,2026-07-07T04:18:06.0000000,36.0,7537.5,7540.1,7540.1,93.6000000000131,317.0,5.283333333333333,2026-07-07T08:12:49+00:00,0.0,7537.25,7579.655392745325,49.37767507375797,16.679720838693537,-42.405392745325116,7579.25,7576.803607851196,0.009586719643060616,0.00670808834662867,True,True,True,1154.0,7587.0,7.75,29.0666666666667,5.704841148493045,-0.8369730379294912,True,3.5,True,True,4.0,776.0,False,-3.25,True,0.0,True,2.25,True,0.008789944850018067,True,2.4463921488043594,True,True,422.0,-1.005331311245917,2.4463921488043594,True,2.4463921488040796,131394.0,,disabled,,38.0,0.0,2.566544088524742,7539.8,50.018837642734354,True,0.0,2.0,True,ES structure higher-low -3.25 < 0.25; ADX 16.68 <= 18.00,0.0,True,standard,1.0,VALID_0DTE,VALID_0DTE,True,False,False,valid 0DTE option strike map; option IV module disabled,pullback_long,pullback_long,True,True,"VALID_0DTE ordered router; ordered ES pullback: trendPrice=7579.25, ema=7579.66, distance=2.45, adx=16.68, rsi=49.38, structure=4",0.90,5,,,,,,,,,,,,,,,,,,,,,,,,,,,,,,,,,,,,,,True,disabled,2026-07-07T08:12:45.3115590Z,3.688441,7576.5,7575.0,50.65,0.02961500494,7600.0,23.5,7627.15,50.65,7585.0,8.5,1.0,0.9562913801,8.5,True,allowed,,,,True,allowed,,,,,,-0.40539274532506026,True,True,True,True,,,True,8,-9.0,106.2,36.0,00:05:17,22,True,2.75,-0.25,5.2,0.0,False,False,0.2,0.0,-0.25,2.75,2.566544088524742,2.300000000000182,True,False,5.2,1.45,1.1956521739129489,0.0,0.4499999999998181,12.0,0.4499999999998181,12.0,True,0.7,1.45,4.7,4.7,,,,2.25,-0.25,2.75,-0.25,2.75,-0.25,2.75,-0.25
209,210,2026-07-07T08:33:10+00:00,2026-07-07T10:03:21+00:00,2026-07-07T04:33:10.0000000,2026-07-07T06:03:21.0000000,36.0,7543.2,7544.2,7544.2,36.0,5411.0,90.18333333333334,2026-07-07T08:33:10+00:00,0.0,7542.95,7581.283100352443,62.4428118296999,16.877726987635914,-38.33310035244358,7581.25,7577.931507337651,0.1724870686800315,0.15588987480945388,True,True,True,1344.0,7587.25,6.0,0.75,2.04472484865517,0.6942361830372925,True,3.75,True,True,3.0,923.0,False,-1.0,True,4.0,False,6.0,True,0.05630152920010014,True,3.3184926623492363,True,True,506.0,0.3489849424150024,3.3184926623492363,True,3.3184926623489446,168310.0,,disabled,,38.0,0.0,3.020457850205649,7546.0,57.74512885493078,True,0.0,5.0,True,"ES structure score 3 <= 3; ES structure higher-low -1.00 < 0.25; ES pullback from high 6.00 >= 5.00; ES recent high rejection distance 6.00 >= 5.00, minutes 0.75 <= 15.00; ADX 16.88 <= 18.00",0.0,True,standard,1.0,VALID_0DTE,VALID_0DTE,True,False,False,valid 0DTE option strike map; option IV module disabled,pullback_long,pullback_long,True,True,"VALID_0DTE ordered router; ordered ES pullback: trendPrice=7581.25, ema=7581.28, distance=3.32, adx=16.88, rsi=62.44, structure=3",0.90,5,,,,,,,,,,,,,,,,,,,,,,,,,,,,,,,,,,,,,,True,disabled,2026-07-07T08:33:05.9991800Z,4.00082,7582.5,7580.0,49.75,0.05025125628,7600.0,17.5,7632.25,49.75,7585.0,2.5,1.0,0.9597461479,2.5,True,allowed,target_3_call_volume,7585.0,3.0,True,allowed,,,,,,-0.03310035244357348,True,True,True,True,,,True,8,-225.0,45.0,234.0,01:30:11,382,True,1.050000000000182,-6.25,88.43333333333334,27.35,False,True,0.6,0.0500000000001819,-6.25,1.050000000000182,3.020457850205649,2.800000000000182,False,False,,,0.3750000000000406,0.01785714285720666,-0.25,6.0,-0.25,6.0,False,87.6,88.43333333333334,,,,,,0.0500000000001819,-2.75,0.0500000000001819,-2.75,0.0500000000001819,-6.25,0.25,-6.25
211,212,2026-07-07T12:23:17+00:00,2026-07-07T12:35:56+00:00,2026-07-07T08:23:17.0000000,2026-07-07T08:35:56.0000000,36.0,7541.7,7543.0,7542.7,46.80000000000655,759.0,12.65,2026-07-07T12:23:17+00:00,0.0,7541.45,7565.880749404511,53.31244348422072,20.15656943694873,-24.430749404511516,7565.75,7559.3111587734265,0.009708382316985996,0.0007363645772878572,True,True,True,1619.0,7570.75,5.0,14.8833333333333,4.418003975167247,-0.5876555934192386,True,3.75,True,True,3.0,1093.0,False,-3.75,False,-2.5,True,2.5,True,0.013163627858819013,True,6.438841226573178,True,True,564.0,2.7370951042745157,6.438841226573178,True,6.438841226573459,776994.0,,disabled,,38.0,0.0,3.4258699407323694,7544.9,49.47650632682275,True,0.0,5.0,True,"setup quality 49.48 <= 50.00; ES structure score 3 <= 3; ES structure higher-low -3.75 < 0.25; ES structure higher-high -2.50 < 0.00; ES recent high rejection distance 5.00 >= 5.00, minutes 14.88 <= 15.00",0.0,True,standard,1.0,VALID_0DTE,VALID_0DTE,True,False,False,valid 0DTE option strike map; option IV module disabled,pullback_long,pullback_long,True,True,"VALID_0DTE ordered router; ordered ES pullback: trendPrice=7565.75, ema=7565.88, distance=6.44, adx=20.16, rsi=53.31, structure=3",0.90,5,,,,,,,,,,,,,,,,,,,,,,,,,,,,,,,,,,,,,,True,disabled,2026-07-07T12:23:14.5428950Z,2.457105,7580.75,7580.0,51.1,0.01467710372,7600.0,19.25,7631.85,51.1,7600.0,19.25,0.9710144928,0.9235991954,19.25,True,allowed,target_1_next_strike,7600.0,33.75,True,allowed,,,,,,-0.13074940451118583,True,True,True,True,,,True,12,-16.2,109.8,111.6,00:12:39,61,True,3.050000000000182,-0.4499999999998181,5.233333333333333,0.23333333333333334,False,False,0.7333333333333333,0.0,-0.4499999999998181,3.050000000000182,3.4258699407323694,3.199999999999818,False,False,,3.7333333333333334,0.953125000000111,0.0,-0.4499999999998181,14.0,-0.4499999999998181,14.0,False,0.9833333333333333,2.4833333333333334,2.9833333333333334,3.7333333333333334,5.233333333333333,,,2.550000000000182,-0.4499999999998181,3.050000000000182,-0.4499999999998181,3.050000000000182,-0.4499999999998181,3.050000000000182,-0.4499999999998181
213,214,2026-07-07T13:14:47+00:00,2026-07-07T13:30:21+00:00,2026-07-07T09:14:47.0000000,2026-07-07T09:30:21.0000000,36.0,7541.7,7542.7,7542.7,36.0,934.0,15.566666666666666,2026-07-07T13:14:47+00:00,0.0,7541.45,7567.607159835911,54.27804634288348,12.570931839584025,-26.157159835911443,7567.5,7559.803956231706,0.009075575873607763,0.001977947590218323,True,True,True,1482.0,7570.25,2.75,14.6833333333333,2.1907115116098645,-0.1152392829153902,True,1.75,True,True,4.0,984.0,True,1.0,False,-0.75,True,2.0,True,0.00874675415958901,True,7.69604376829376,True,True,477.0,5.993238580138344,7.69604376829376,True,7.696043768293748,826443.0,,disabled,,38.0,0.0,3.5601078986015153,7545.0,50.666767058815424,True,0.0,2.0,True,ES structure higher-high -0.75 < 0.00; ADX 12.57 <= 18.00,0.0,True,standard,1.0,VALID_0DTE,VALID_0DTE,True,False,False,valid 0DTE option strike map; option IV module disabled,pullback_long,pullback_long,True,True,"VALID_0DTE ordered router; ordered ES pullback: trendPrice=7567.50, ema=7567.61, distance=7.70, adx=12.57, rsi=54.28, structure=4",0.90,5,,,,,,,,,,,,,,,,,,,,,,,,,,,,,,,,,,,,,,True,disabled,2026-07-07T13:14:44.7850150Z,2.214985,7581.25,7580.0,51.4,0.02431906615,7600.0,18.75,7632.65,51.4,7600.0,18.75,1.0,0.9287258605,18.75,True,allowed,target_1_next_strike,7600.0,32.25,True,allowed,,,,,,-0.10715983591132217,True,True,True,True,,,True,13,-108.0,73.8,181.8,00:15:34,64,True,1.949999999999818,-3.0,4.983333333333333,15.233333333333333,True,True,0.48333333333333334,1.949999999999818,-1.949999999999818,1.300000000000182,3.5601078986015153,3.300000000000182,False,False,,4.983333333333333,0.5909090909090032,0.5909090909090032,-0.25,14.0,-0.25,14.0,False,0.48333333333333334,0.7333333333333333,4.733333333333333,,,,,1.949999999999818,-1.949999999999818,1.949999999999818,-2.75,1.949999999999818,-3.0,1.949999999999818,-3.0
215,216,2026-07-07T13:30:22+00:00,2026-07-07T13:30:31+00:00,2026-07-07T09:30:22.0000000,2026-07-07T09:30:31.0000000,36.0,7543.2,7546.5,7546.5,118.80000000000655,9.0,0.15,2026-07-07T13:30:22+00:00,0.0,7543.0,7568.041486865319,45.66560655435968,12.948956536984923,-25.041486865318802,7567.25,7559.976138995681,0.01083312075518007,-0.0014994003827831796,True,True,True,1445.0,7570.5,3.25,6.78333333333333,,,True,1.0,True,True,5.0,938.0,True,0.0,True,1.25,True,3.25,True,0.01058151522850588,True,7.273861004318439,True,True,482.0,6.2963553923316455,7.273861004318439,True,7.27386100431886,844055.0,,disabled,,38.0,0.0,3.2960054763051856,7546.3,49.567566972402204,True,0.0,3.0,True,setup quality 49.57 <= 50.00; ES structure higher-low 0.00 < 0.25; ADX 12.95 <= 18.00,0.0,True,standard,1.0,VALID_0DTE,VALID_0DTE,True,False,False,valid 0DTE option strike map; option IV module disabled,pullback_long,pullback_long,True,True,"VALID_0DTE ordered router; ordered ES pullback: trendPrice=7567.25, ema=7568.04, distance=7.27, adx=12.95, rsi=45.67, structure=5",0.90,5,,,,,,,,,,,,,,,,,,,,,,,,,,,,,,,,,,,,,,True,disabled,2026-07-07T13:30:17.4624800Z,4.53752,7579.75,7580.0,52.725,-0.004741583689,7600.0,20.25,7632.475,52.725,7585.0,5.25,0.8275862069,0.6002756843,5.25,True,allowed,,,,True,allowed,,,,,,-0.7914868653191778,True,True,True,True,,,True,13,-7.2,118.8,7.2,00:00:09,2,True,3.300000000000182,-0.1999999999998181,0.15,0.0,False,False,0.15,0.0,-0.1999999999998181,3.300000000000182,3.2960054763051856,3.100000000000364,True,False,0.15,0.15,1.0645161290321918,0.0,3.0,9.0,3.0,9.0,True,0.15,0.15,0.15,0.15,0.15,,,3.300000000000182,-0.1999999999998181,3.300000000000182,-0.1999999999998181,3.300000000000182,-0.1999999999998181,3.300000000000182,-0.1999999999998181
